3 0.201226 0.482524 0.096990 0.172816
3 0.297101 0.466990 0.094760 0.145631
3 0.189521 0.625243 0.107023 0.155340
3 0.291527 0.606796 0.103679 0.161165
3 0.170569 0.771845 0.115942 0.168932
3 0.285396 0.743689 0.107023 0.178641
3 0.153289 0.914563 0.121516 0.163107
3 0.263657 0.906796 0.112598 0.174757
3 0.298216 0.213592 0.081382 0.147573
3 0.397436 0.213592 0.083612 0.147573
3 0.483835 0.215534 0.080268 0.143689
3 0.452620 0.449515 0.091416 0.141748
3 0.545151 0.448544 0.091416 0.159223
3 0.451505 0.579612 0.102564 0.161165
3 0.551282 0.579612 0.096990 0.149515
3 0.442029 0.720388 0.101449 0.174757
3 0.546823 0.732039 0.105909 0.174757
3 0.439799 0.890291 0.108138 0.196117
3 0.554627 0.899029 0.103679 0.190291
3 0.697324 0.479612 0.099220 0.155340
3 0.793757 0.488350 0.091416 0.161165
3 0.705686 0.612621 0.098105 0.172816
3 0.803233 0.623301 0.096990 0.166990
3 0.712932 0.784466 0.112598 0.170874
3 0.814939 0.782524 0.107023 0.170874
3 0.719621 0.920388 0.125975 0.147573
3 0.832219 0.928155 0.101449 0.139806
3 0.825530 0.168932 0.076923 0.116505
3 0.747492 0.179612 0.081382 0.118447
3 0.677258 0.177670 0.072464 0.133981
3 0.603122 0.167961 0.075808 0.130097
