3 0.147715 0.144660 0.161650 0.153398
3 0.321070 0.136893 0.160535 0.149515
3 0.488294 0.136893 0.169454 0.149515
3 0.662765 0.115534 0.177258 0.161165
3 0.843367 0.111650 0.177258 0.165049
3 0.138796 0.292233 0.186176 0.149515
3 0.316611 0.289320 0.180602 0.159223
3 0.492754 0.283495 0.182832 0.151456
3 0.683946 0.277670 0.190635 0.155340
3 0.884058 0.271845 0.196210 0.155340
3 0.127648 0.450485 0.201784 0.174757
3 0.316054 0.459223 0.195095 0.180583
3 0.511706 0.458252 0.189521 0.174757
3 0.704571 0.440777 0.202899 0.174757
3 0.895764 0.433981 0.199554 0.176699
3 0.120401 0.643689 0.220736 0.207767
3 0.316054 0.647573 0.212932 0.203883
3 0.526756 0.645631 0.210702 0.207767
3 0.737458 0.639806 0.217391 0.234951
3 0.920847 0.635922 0.151616 0.227184
3 0.759755 0.841748 0.204013 0.219417
3 0.550725 0.863107 0.202899 0.227184
3 0.343924 0.852427 0.210702 0.221359
3 0.123188 0.866990 0.230769 0.234951
