3 0.662765 0.607767 0.092531 0.132039
3 0.691193 0.726214 0.098105 0.132039
3 0.776477 0.812621 0.099220 0.157282
3 0.874025 0.827184 0.098105 0.147573
3 0.775920 0.675728 0.084727 0.116505
3 0.865663 0.680583 0.092531 0.130097
3 0.947046 0.760194 0.092531 0.130097
3 0.954292 0.638835 0.080268 0.116505
3 0.761427 0.561165 0.086957 0.116505
3 0.848941 0.571845 0.085842 0.110680
3 0.916388 0.533981 0.078038 0.108738
3 0.835563 0.469903 0.094760 0.104854
3 0.741918 0.452427 0.083612 0.097087
3 0.686734 0.510680 0.084727 0.100971
3 0.578595 0.141748 0.066890 0.093204
3 0.608696 0.212621 0.069119 0.099029
3 0.674470 0.266019 0.066890 0.100971
3 0.747492 0.266990 0.074693 0.083495
3 0.804905 0.232039 0.071349 0.099029
3 0.816611 0.153398 0.074693 0.081553
3 0.780379 0.087379 0.073579 0.081553
3 0.748606 0.170874 0.065775 0.100971
3 0.690078 0.198058 0.073579 0.085437
3 0.651059 0.142718 0.069119 0.095146
3 0.599220 0.075728 0.068004 0.073786
3 0.656633 0.043689 0.064660 0.079612
3 0.703456 0.100971 0.066890 0.081553
3 0.723523 0.048544 0.062430 0.077670
