3 0.277035 0.753398 0.273133 0.225243
3 0.516722 0.678641 0.261984 0.227184
3 0.767001 0.607767 0.258640 0.201942
3 0.204013 0.560194 0.256410 0.211650
3 0.425307 0.492233 0.235229 0.203883
3 0.642140 0.469903 0.229654 0.186408
3 0.876254 0.440777 0.243032 0.194175
3 0.132107 0.399029 0.239688 0.192233
3 0.337793 0.351456 0.216276 0.182524
3 0.538462 0.325243 0.205128 0.153398
3 0.772018 0.322330 0.215162 0.163107
3 0.684504 0.214563 0.196210 0.153398
3 0.455407 0.196117 0.195095 0.163107
3 0.587514 0.114563 0.173913 0.143689
3 0.269231 0.214563 0.195095 0.153398
3 0.098105 0.282524 0.182832 0.165049
3 0.207358 0.102913 0.187291 0.124272
3 0.386845 0.078641 0.180602 0.130097
