3 0.870680 0.697087 0.236343 0.337864
3 0.656076 0.792233 0.217391 0.337864
3 0.418060 0.854369 0.249721 0.279612
3 0.100334 0.712621 0.187291 0.333981
3 0.307692 0.632039 0.200669 0.324272
3 0.508361 0.545631 0.207358 0.314563
3 0.741360 0.448544 0.207358 0.260194
3 0.915273 0.309709 0.158305 0.250485
3 0.799889 0.130097 0.154961 0.209709
3 0.630992 0.264078 0.169454 0.248544
3 0.436455 0.326214 0.183946 0.256311
3 0.230212 0.405825 0.210702 0.267961
3 0.189521 0.202913 0.178372 0.223301
3 0.364548 0.139806 0.173913 0.236893
3 0.528428 0.090291 0.158305 0.165049
