3 0.191193 0.245631 0.177258 0.262136
3 0.179487 0.515534 0.178372 0.269903
3 0.170569 0.813592 0.198439 0.330097
3 0.329431 0.899029 0.175028 0.190291
3 0.331661 0.658252 0.175028 0.299029
3 0.341137 0.377670 0.169454 0.266019
3 0.493868 0.277670 0.164994 0.279612
3 0.493311 0.547573 0.159420 0.267961
3 0.502787 0.802913 0.176143 0.273786
3 0.675585 0.897087 0.182832 0.198058
3 0.668896 0.686408 0.173913 0.277670
3 0.624861 0.428155 0.166109 0.289320
3 0.628205 0.144660 0.163880 0.281553
3 0.759755 0.287379 0.168339 0.287379
3 0.801561 0.521359 0.176143 0.293204
3 0.830546 0.805825 0.178372 0.345631
3 0.474916 0.086408 0.147157 0.168932
