3 0.220178 0.506796 0.172798 0.116505
3 0.206243 0.653398 0.214047 0.161165
3 0.372910 0.590291 0.177258 0.128155
3 0.395206 0.443689 0.192865 0.130097
3 0.561873 0.511650 0.207358 0.153398
3 0.498328 0.687379 0.191750 0.139806
3 0.338350 0.873786 0.215162 0.143689
3 0.526198 0.816505 0.231884 0.157282
3 0.689521 0.747573 0.190635 0.132039
3 0.727425 0.600000 0.204013 0.155340
3 0.878484 0.687379 0.205128 0.147573
3 0.882386 0.543689 0.177258 0.132039
3 0.710145 0.477670 0.162765 0.116505
3 0.566332 0.396117 0.149387 0.112621
3 0.854515 0.426214 0.170569 0.126214
