4 0.331104 0.846602 0.109253 0.132039
4 0.202899 0.881553 0.120401 0.104854
4 0.091973 0.829126 0.114827 0.100971
4 0.062430 0.755340 0.102564 0.081553
4 0.115942 0.689320 0.095875 0.069903
4 0.176143 0.770874 0.095875 0.089320
4 0.285396 0.781553 0.095875 0.087379
4 0.391304 0.785437 0.104794 0.087379
4 0.370123 0.717476 0.086957 0.071845
4 0.235229 0.720388 0.095875 0.066019
4 0.678372 0.812621 0.157191 0.130097
4 0.675585 0.701942 0.169454 0.149515
4 0.926979 0.879612 0.141583 0.163107
4 0.825530 0.927184 0.175028 0.126214
4 0.825530 0.811650 0.137124 0.132039
4 0.918618 0.748544 0.156076 0.122330
