4 0.513935 0.675728 0.202899 0.236893
4 0.401338 0.520388 0.200669 0.225243
4 0.316611 0.283495 0.211817 0.178641
4 0.176700 0.244660 0.188406 0.155340
4 0.283724 0.111650 0.175028 0.141748
4 0.193423 0.402913 0.206243 0.161165
4 0.087514 0.717476 0.172798 0.254369
4 0.263099 0.844660 0.247492 0.209709
4 0.574136 0.863107 0.338907 0.184466
4 0.781494 0.695146 0.240803 0.213592
4 0.855630 0.410680 0.206243 0.203883
4 0.494426 0.400971 0.217391 0.176699
4 0.628763 0.245631 0.187291 0.137864
4 0.576923 0.123301 0.221851 0.130097
4 0.753066 0.165049 0.175028 0.124272
4 0.648829 0.541748 0.209588 0.166990
4 0.280379 0.650485 0.224080 0.201942
