4 0.731327 0.743689 0.178372 0.205825
4 0.920290 0.711650 0.148272 0.238835
4 0.845596 0.536893 0.154961 0.242718
4 0.345596 0.345631 0.158305 0.275728
4 0.385730 0.689320 0.151616 0.279612
4 0.256410 0.833981 0.164994 0.289320
4 0.228540 0.573786 0.169454 0.266019
4 0.082497 0.494175 0.142698 0.277670
4 0.073021 0.211650 0.137124 0.267961
4 0.197324 0.351456 0.144928 0.229126
4 0.442029 0.227184 0.134894 0.244660
4 0.195652 0.117476 0.148272 0.223301
4 0.348941 0.093204 0.147157 0.186408
4 0.457079 0.489320 0.122631 0.275728
4 0.107023 0.721359 0.160535 0.223301
