4 0.441472 0.764078 0.191750 0.266019
4 0.399666 0.533010 0.197324 0.227184
4 0.538462 0.318447 0.205128 0.244660
4 0.372910 0.326214 0.183946 0.221359
4 0.224080 0.449515 0.171683 0.262136
4 0.196767 0.203883 0.166109 0.256311
4 0.370123 0.116505 0.187291 0.186408
4 0.562430 0.095146 0.175028 0.155340
4 0.691750 0.225243 0.157191 0.248544
4 0.682832 0.433981 0.177258 0.223301
4 0.609253 0.633981 0.175028 0.258252
4 0.861204 0.286408 0.177258 0.262136
4 0.884615 0.520388 0.166109 0.225243
4 0.796544 0.692233 0.179487 0.273786
4 0.088629 0.478641 0.154961 0.242718
4 0.354515 0.886408 0.196210 0.211650
4 0.250279 0.650485 0.168339 0.248544
