4 0.358974 0.771845 0.274247 0.366990
4 0.132107 0.641748 0.237458 0.297087
4 0.237458 0.432039 0.202899 0.277670
4 0.397993 0.541748 0.193980 0.182524
4 0.304905 0.317476 0.186176 0.231068
4 0.175585 0.235922 0.159420 0.149515
4 0.088629 0.370874 0.150502 0.244660
4 0.272575 0.118447 0.134894 0.186408
4 0.397436 0.175728 0.179487 0.137864
4 0.440914 0.342718 0.110368 0.196117
4 0.151616 0.094175 0.120401 0.149515
4 0.633222 0.758252 0.260870 0.351456
4 0.846154 0.865049 0.301003 0.246602
4 0.902453 0.650485 0.183946 0.302913
4 0.750279 0.526214 0.225195 0.279612
4 0.687848 0.347573 0.182832 0.229126
4 0.862876 0.370874 0.191750 0.236893
4 0.584727 0.227184 0.163880 0.174757
4 0.690635 0.166990 0.161650 0.170874
4 0.816054 0.236893 0.160535 0.166990
4 0.822185 0.105825 0.148272 0.153398
4 0.940914 0.104854 0.113712 0.178641
