4 0.460424 0.604854 0.187291 0.285437
4 0.429766 0.351456 0.163880 0.240777
4 0.228540 0.368932 0.189521 0.244660
4 0.324415 0.142718 0.160535 0.250485
4 0.258640 0.654369 0.173913 0.252427
4 0.380713 0.848544 0.183946 0.279612
4 0.587514 0.831068 0.200669 0.283495
4 0.741360 0.644660 0.171683 0.271845
4 0.788183 0.386408 0.171683 0.252427
4 0.606466 0.433981 0.160535 0.254369
4 0.681717 0.188350 0.157191 0.217476
4 0.494983 0.117476 0.167224 0.203883
4 0.882943 0.834951 0.158305 0.275728
4 0.934783 0.528155 0.117057 0.299029
4 0.899108 0.221359 0.161650 0.252427
4 0.079153 0.718447 0.149387 0.291262
4 0.065775 0.404854 0.122631 0.324272
4 0.149387 0.127184 0.176143 0.234951
