4 0.282609 0.346602 0.108138 0.184466
4 0.360089 0.248544 0.115942 0.163107
4 0.323300 0.614563 0.131550 0.149515
4 0.447046 0.549515 0.136009 0.143689
4 0.342252 0.472816 0.107023 0.165049
4 0.439799 0.430097 0.117057 0.153398
4 0.521182 0.433981 0.090301 0.176699
4 0.124861 0.295146 0.118172 0.159223
4 0.108138 0.573786 0.120401 0.133981
4 0.755295 0.607767 0.148272 0.182524
4 0.791527 0.766019 0.118172 0.203883
4 0.672798 0.716505 0.128205 0.190291
4 0.925864 0.806796 0.139353 0.192233
4 0.882943 0.640777 0.120401 0.198058
