7 0.259615 0.229567 0.203125 0.251202
7 0.457933 0.227163 0.193510 0.228365
7 0.647837 0.201923 0.195913 0.251202
7 0.826923 0.175481 0.171875 0.216346
7 0.207933 0.418269 0.217548 0.250000
7 0.421875 0.420673 0.217548 0.246394
7 0.634615 0.406250 0.205529 0.248798
7 0.840144 0.366587 0.204327 0.227163
7 0.168269 0.657452 0.239183 0.296875
7 0.396635 0.644231 0.229567 0.262019
7 0.620192 0.631010 0.219952 0.271635
7 0.840144 0.588942 0.206731 0.287260
7 0.147837 0.866587 0.259615 0.246394
7 0.391827 0.876202 0.234375 0.230769
7 0.641827 0.866587 0.253606 0.253606
