7 0.787260 0.653846 0.150240 0.186298
7 0.914663 0.781250 0.150240 0.203125
7 0.793269 0.830529 0.159856 0.201923
7 0.879808 0.552885 0.150240 0.171875
7 0.939904 0.448317 0.102163 0.147837
7 0.664663 0.710337 0.146635 0.171875
7 0.606971 0.302885 0.118990 0.137019
7 0.584135 0.457933 0.125000 0.153846
7 0.508413 0.545673 0.131010 0.163462
7 0.264423 0.888221 0.163462 0.191106
7 0.150240 0.770433 0.157452 0.201923
7 0.192308 0.212740 0.117788 0.126202
7 0.080529 0.610577 0.143029 0.183894
7 0.287260 0.161058 0.096154 0.104567
7 0.371394 0.098558 0.105769 0.115385
7 0.110577 0.169471 0.092548 0.115385
7 0.204327 0.110577 0.092548 0.104567
7 0.292067 0.056490 0.080529 0.102163
7 0.447115 0.456731 0.102163 0.132212
7 0.350962 0.413462 0.123798 0.139423
7 0.818510 0.117788 0.097356 0.115385
7 0.728365 0.069712 0.097356 0.106971
7 0.878606 0.069712 0.084135 0.104567
