7 0.431490 0.591346 0.111779 0.157452
7 0.436298 0.774038 0.138221 0.213942
7 0.307692 0.760817 0.149038 0.223558
7 0.313702 0.600962 0.126202 0.189904
7 0.195913 0.602163 0.127404 0.192308
7 0.177885 0.820913 0.139423 0.217548
7 0.278846 0.925481 0.147837 0.112981
7 0.415865 0.924279 0.143029 0.143029
7 0.218750 0.342548 0.121394 0.163462
7 0.323317 0.326923 0.118990 0.153846
7 0.447115 0.352163 0.131010 0.192308
7 0.444712 0.225962 0.109375 0.193510
7 0.324519 0.205529 0.122596 0.193510
7 0.199519 0.195913 0.147837 0.179087
7 0.207933 0.084135 0.118990 0.149038
7 0.596154 0.364183 0.114183 0.186298
7 0.723558 0.377404 0.127404 0.169471
7 0.843750 0.377404 0.140625 0.173077
7 0.634615 0.245192 0.120192 0.180288
7 0.743990 0.224760 0.102163 0.169471
7 0.854567 0.230769 0.131010 0.169471
7 0.680288 0.612981 0.131010 0.176683
7 0.799279 0.618990 0.122596 0.192308
7 0.918269 0.606971 0.139423 0.173077
7 0.712740 0.769231 0.126202 0.176683
7 0.835337 0.782452 0.146635 0.216346
7 0.935096 0.765625 0.120192 0.193510
