7 0.147837 0.144231 0.161058 0.152644
7 0.320913 0.137019 0.161058 0.150240
7 0.487981 0.137019 0.168269 0.150240
7 0.662260 0.115385 0.176683 0.161058
7 0.843750 0.111779 0.176683 0.165865
7 0.139423 0.292067 0.186298 0.150240
7 0.316106 0.288462 0.181490 0.159856
7 0.492788 0.283654 0.182692 0.151442
7 0.683894 0.277644 0.191106 0.155048
7 0.884615 0.271635 0.197115 0.155048
7 0.127404 0.450721 0.201923 0.175481
7 0.316106 0.459135 0.194712 0.181490
7 0.512019 0.459135 0.188702 0.175481
7 0.704327 0.441106 0.203125 0.175481
7 0.896635 0.433894 0.199519 0.176683
7 0.120192 0.644231 0.219952 0.207933
7 0.316106 0.647837 0.212740 0.203125
7 0.526442 0.645433 0.211538 0.207933
7 0.737981 0.639423 0.217548 0.234375
7 0.920673 0.635817 0.151442 0.225962
7 0.759615 0.841346 0.204327 0.218750
7 0.550481 0.862981 0.203125 0.225962
7 0.343750 0.852163 0.211538 0.222356
7 0.123798 0.867788 0.230769 0.234375
