7 0.870192 0.697115 0.235577 0.337740
7 0.656250 0.792067 0.217548 0.337740
7 0.418269 0.854567 0.248798 0.280048
7 0.100962 0.712740 0.186298 0.334135
7 0.307692 0.632212 0.201923 0.324519
7 0.508413 0.545673 0.207933 0.313702
7 0.741587 0.449519 0.207933 0.259615
7 0.915865 0.310096 0.158654 0.250000
7 0.800481 0.129808 0.155048 0.210337
7 0.631010 0.264423 0.169471 0.247596
7 0.436298 0.325721 0.183894 0.256010
7 0.229567 0.406250 0.210337 0.268029
7 0.189904 0.203125 0.179087 0.223558
7 0.364183 0.139423 0.173077 0.235577
7 0.528846 0.090144 0.158654 0.165865
