7 0.829327 0.634615 0.283654 0.201923
7 0.486779 0.655048 0.278846 0.195913
7 0.442308 0.429087 0.250000 0.198317
7 0.771635 0.431490 0.252404 0.176683
7 0.739183 0.242788 0.239183 0.159856
7 0.717548 0.086538 0.210337 0.149038
7 0.177885 0.627404 0.260817 0.193510
7 0.207933 0.835337 0.270433 0.201923
7 0.556490 0.837740 0.275240 0.221154
7 0.860577 0.836538 0.272837 0.191106
7 0.167067 0.439904 0.243990 0.174279
7 0.430288 0.270433 0.229567 0.179087
7 0.268029 0.169471 0.227163 0.179087
7 0.163462 0.254808 0.212740 0.171875
