7 0.219952 0.506010 0.173077 0.115385
7 0.205529 0.652644 0.215144 0.161058
7 0.372596 0.591346 0.175481 0.127404
7 0.395433 0.443510 0.193510 0.129808
7 0.562500 0.512019 0.205529 0.155048
7 0.498798 0.687500 0.191106 0.139423
7 0.337740 0.873798 0.215144 0.141827
7 0.525240 0.816106 0.233173 0.157452
7 0.689904 0.746394 0.191106 0.133413
7 0.727163 0.599760 0.203125 0.155048
7 0.878606 0.687500 0.205529 0.149038
7 0.882212 0.544471 0.175481 0.133413
7 0.710337 0.477163 0.163462 0.115385
7 0.566106 0.395433 0.149038 0.111779
7 0.854567 0.425481 0.169471 0.127404
