7 0.276442 0.752404 0.274038 0.225962
7 0.516827 0.679087 0.262019 0.228365
7 0.766827 0.608173 0.258413 0.201923
7 0.204327 0.560096 0.256010 0.211538
7 0.425481 0.491587 0.235577 0.204327
7 0.641827 0.469952 0.229567 0.186298
7 0.876202 0.441106 0.243990 0.193510
7 0.132212 0.399038 0.240385 0.192308
7 0.337740 0.350962 0.216346 0.181490
7 0.538462 0.324519 0.205529 0.153846
7 0.771635 0.322115 0.216346 0.163462
7 0.685096 0.215144 0.195913 0.153846
7 0.455529 0.195913 0.195913 0.163462
7 0.587740 0.115385 0.174279 0.144231
7 0.269231 0.215144 0.195913 0.153846
7 0.098558 0.282452 0.181490 0.165865
7 0.206731 0.103365 0.187500 0.123798
7 0.387019 0.079327 0.180288 0.129808
