7 0.191106 0.245192 0.176683 0.262019
7 0.179087 0.515625 0.179087 0.269231
7 0.170673 0.812500 0.198317 0.330529
7 0.329327 0.899038 0.175481 0.191106
7 0.331731 0.657452 0.175481 0.300481
7 0.341346 0.377404 0.169471 0.266827
7 0.493990 0.277644 0.164663 0.280048
7 0.493990 0.546875 0.159856 0.266827
7 0.502404 0.802885 0.175481 0.275240
7 0.675481 0.896635 0.182692 0.198317
7 0.668269 0.687500 0.174279 0.277644
7 0.625000 0.429087 0.165865 0.289663
7 0.627404 0.145433 0.164663 0.282452
7 0.759615 0.287260 0.168269 0.287260
7 0.801683 0.521635 0.175481 0.292067
7 0.830529 0.805288 0.179087 0.346154
7 0.474760 0.086538 0.146635 0.168269
