7 0.200721 0.483173 0.097356 0.171875
7 0.296875 0.466346 0.094952 0.145433
7 0.189904 0.625000 0.106971 0.155048
7 0.290865 0.606971 0.103365 0.161058
7 0.170673 0.771635 0.115385 0.169471
7 0.286058 0.743990 0.106971 0.179087
7 0.152644 0.914663 0.121394 0.162260
7 0.263221 0.907452 0.112981 0.175481
7 0.298077 0.213942 0.081731 0.146635
7 0.397837 0.213942 0.084135 0.146635
7 0.484375 0.215144 0.080529 0.143029
7 0.453125 0.449519 0.091346 0.141827
7 0.545673 0.448317 0.091346 0.159856
7 0.451923 0.579327 0.102163 0.161058
7 0.551683 0.579327 0.097356 0.150240
7 0.442308 0.719952 0.100962 0.175481
7 0.546875 0.731971 0.105769 0.175481
7 0.439904 0.890625 0.108173 0.195913
7 0.555288 0.899038 0.103365 0.189904
7 0.697115 0.479567 0.099760 0.155048
7 0.793269 0.487981 0.091346 0.161058
7 0.705529 0.612981 0.098558 0.171875
7 0.802885 0.623798 0.097356 0.167067
7 0.712740 0.784856 0.112981 0.170673
7 0.814904 0.782452 0.106971 0.170673
7 0.719952 0.920673 0.126202 0.146635
7 0.831731 0.927885 0.100962 0.140625
7 0.825721 0.168269 0.076923 0.116587
7 0.747596 0.180288 0.081731 0.117788
7 0.677885 0.177885 0.072115 0.133413
7 0.603365 0.168269 0.075721 0.131010
