7 0.365385 0.475962 0.183894 0.181490
7 0.561298 0.474760 0.191106 0.171875
7 0.704327 0.598558 0.181490 0.209135
7 0.530048 0.673077 0.222356 0.222356
7 0.300481 0.645433 0.230769 0.212740
7 0.538462 0.890625 0.271635 0.203125
7 0.265625 0.873798 0.275240 0.240385
7 0.421875 0.239183 0.159856 0.125000
7 0.573317 0.234375 0.146635 0.115385
7 0.269231 0.242788 0.152644 0.118990
7 0.701923 0.290865 0.137019 0.156250
7 0.567308 0.150240 0.125000 0.109375
7 0.443510 0.150240 0.118990 0.090144
7 0.300481 0.170673 0.137019 0.105769
