7 0.662260 0.608173 0.091346 0.131010
7 0.691106 0.725962 0.098558 0.131010
7 0.776442 0.812500 0.099760 0.157452
7 0.873798 0.826923 0.098558 0.149038
7 0.775240 0.675481 0.085337 0.116587
7 0.865385 0.680288 0.091346 0.129808
7 0.947115 0.760817 0.091346 0.129808
7 0.954327 0.639423 0.079327 0.116587
7 0.762019 0.561298 0.086538 0.116587
7 0.848558 0.570913 0.085337 0.110577
7 0.915865 0.533654 0.078125 0.109375
7 0.835337 0.469952 0.094952 0.105769
7 0.741587 0.451923 0.084135 0.097356
7 0.686298 0.510817 0.085337 0.100962
7 0.578125 0.141827 0.066106 0.093750
7 0.608173 0.212740 0.069712 0.099760
7 0.674279 0.265625 0.066106 0.100962
7 0.747596 0.266827 0.074519 0.082933
7 0.805288 0.231971 0.072115 0.099760
7 0.817308 0.152644 0.074519 0.080529
7 0.780048 0.087740 0.073317 0.080529
7 0.748798 0.170673 0.064904 0.100962
7 0.689904 0.198317 0.073317 0.084135
7 0.651442 0.143029 0.069712 0.096154
7 0.599760 0.075721 0.068510 0.073317
7 0.656250 0.043269 0.064904 0.079327
7 0.704327 0.100962 0.066106 0.080529
7 0.723558 0.049279 0.062500 0.076923
