7 0.108173 0.301683 0.126202 0.195913
7 0.233173 0.289663 0.118990 0.180288
7 0.170673 0.189904 0.105769 0.153846
7 0.176683 0.618990 0.205529 0.219952
7 0.187500 0.829327 0.227163 0.306490
7 0.487981 0.110577 0.137019 0.186298
7 0.509615 0.382212 0.141827 0.182692
7 0.449519 0.254808 0.127404 0.198317
7 0.567308 0.198317 0.132212 0.205529
7 0.502404 0.623798 0.112981 0.157452
7 0.478365 0.771635 0.103365 0.157452
7 0.431490 0.867788 0.114183 0.179087
7 0.555288 0.868990 0.112981 0.173077
7 0.567308 0.705529 0.087740 0.139423
7 0.831731 0.173077 0.118990 0.167067
7 0.778846 0.331731 0.131010 0.193510
7 0.902644 0.317308 0.126202 0.192308
7 0.825721 0.604567 0.120192 0.145433
7 0.854567 0.756010 0.126202 0.182692
7 0.735577 0.865385 0.114183 0.180288
7 0.862981 0.899038 0.135817 0.167067
7 0.753606 0.685096 0.094952 0.138221
7 0.945913 0.807692 0.092548 0.155048
