4 0.432692 0.781250 0.322115 0.402644
4 0.137019 0.810096 0.269231 0.346154
4 0.139423 0.486779 0.274038 0.292067
4 0.413462 0.471154 0.248798 0.288462
4 0.669471 0.463942 0.242788 0.299279
4 0.893029 0.447115 0.204327 0.263221
4 0.763221 0.776442 0.334135 0.419471
4 0.419471 0.256010 0.215144 0.225962
4 0.182692 0.239183 0.243990 0.193510
4 0.640625 0.237981 0.209135 0.203125
4 0.843750 0.234375 0.210337 0.200721
4 0.772837 0.081731 0.182692 0.151442
4 0.593750 0.093750 0.167067 0.177885
4 0.407452 0.086538 0.183894 0.165865
4 0.216346 0.088942 0.199519 0.163462
