4 0.359375 0.771635 0.274038 0.367788
4 0.132212 0.641827 0.237981 0.298077
4 0.237981 0.431490 0.201923 0.277644
4 0.397837 0.542067 0.194712 0.182692
4 0.305288 0.317308 0.186298 0.230769
4 0.175481 0.235577 0.158654 0.150240
4 0.088942 0.370192 0.150240 0.245192
4 0.272837 0.118990 0.134615 0.186298
4 0.397837 0.175481 0.179087 0.137019
4 0.441106 0.342548 0.110577 0.195913
4 0.151442 0.094952 0.120192 0.150240
4 0.633413 0.758413 0.260817 0.350962
4 0.846154 0.865385 0.300481 0.246394
4 0.902644 0.650240 0.183894 0.302885
4 0.750000 0.526442 0.224760 0.280048
4 0.687500 0.347356 0.182692 0.228365
4 0.862981 0.370192 0.191106 0.237981
4 0.584135 0.227163 0.164663 0.175481
4 0.691106 0.167067 0.162260 0.170673
4 0.816106 0.236779 0.161058 0.167067
4 0.822115 0.105769 0.147837 0.153846
4 0.941106 0.104567 0.112981 0.179087
