4 0.460337 0.604567 0.187500 0.284856
4 0.429087 0.352163 0.163462 0.240385
4 0.228365 0.368990 0.189904 0.243990
4 0.324519 0.143029 0.161058 0.251202
4 0.258413 0.653846 0.174279 0.252404
4 0.381010 0.848558 0.183894 0.280048
4 0.587740 0.831731 0.200721 0.283654
4 0.741587 0.644231 0.171875 0.271635
4 0.788462 0.385817 0.171875 0.252404
4 0.606971 0.433894 0.161058 0.253606
4 0.681490 0.188702 0.157452 0.217548
4 0.495192 0.117788 0.167067 0.203125
4 0.883413 0.835337 0.158654 0.275240
4 0.935096 0.527644 0.117788 0.298077
4 0.899038 0.221154 0.161058 0.252404
4 0.079327 0.718750 0.149038 0.292067
4 0.066106 0.405048 0.122596 0.324519
4 0.149038 0.127404 0.175481 0.234375
