4 0.204327 0.635817 0.212740 0.195913
4 0.223558 0.456731 0.210337 0.168269
4 0.441106 0.786058 0.212740 0.189904
4 0.320913 0.762019 0.191106 0.204327
4 0.224760 0.293269 0.159856 0.158654
4 0.348558 0.237981 0.168269 0.162260
4 0.347356 0.395433 0.195913 0.167067
4 0.487981 0.338942 0.175481 0.168269
4 0.606971 0.212740 0.153846 0.168269
4 0.490385 0.515625 0.185096 0.185096
4 0.638221 0.408654 0.156250 0.176683
4 0.582933 0.649038 0.229567 0.183894
4 0.760817 0.764423 0.185096 0.185096
4 0.796875 0.558894 0.193510 0.141827
4 0.782452 0.366587 0.183894 0.158654
4 0.612981 0.817308 0.212740 0.185096
