4 0.731971 0.742788 0.177885 0.206731
4 0.919471 0.711538 0.147837 0.239183
4 0.844952 0.536058 0.155048 0.241587
4 0.344952 0.344952 0.158654 0.276442
4 0.385817 0.689904 0.152644 0.280048
4 0.256010 0.832933 0.164663 0.290865
4 0.228365 0.574519 0.169471 0.265625
4 0.081731 0.495192 0.143029 0.276442
4 0.073317 0.211538 0.137019 0.269231
4 0.197115 0.350962 0.144231 0.228365
4 0.442308 0.227163 0.134615 0.245192
4 0.195913 0.116587 0.147837 0.223558
4 0.349760 0.092548 0.147837 0.185096
4 0.456731 0.489183 0.122596 0.276442
4 0.106971 0.722356 0.159856 0.223558
