4 0.132212 0.771635 0.230769 0.222356
4 0.155048 0.537260 0.210337 0.199519
4 0.181490 0.328125 0.207933 0.191106
4 0.204327 0.139423 0.180288 0.167067
4 0.412260 0.141827 0.193510 0.158654
4 0.405048 0.329327 0.193510 0.183894
4 0.393029 0.538462 0.207933 0.201923
4 0.379808 0.776442 0.215144 0.209135
4 0.610577 0.784856 0.203125 0.199519
4 0.612981 0.546875 0.211538 0.191106
4 0.615385 0.349760 0.175481 0.158654
4 0.616587 0.156250 0.179087 0.141827
4 0.828125 0.146635 0.173077 0.141827
4 0.836538 0.331731 0.203125 0.195913
4 0.841346 0.557692 0.199519 0.212740
4 0.854567 0.792067 0.212740 0.229567
