4 0.223558 0.567308 0.180288 0.198317
4 0.370192 0.743990 0.187500 0.205529
4 0.497596 0.609375 0.167067 0.171875
4 0.586538 0.786058 0.179087 0.198317
4 0.774038 0.698317 0.180288 0.195913
4 0.669471 0.508413 0.175481 0.198317
4 0.840144 0.498798 0.158654 0.159856
4 0.782452 0.306490 0.162260 0.153846
4 0.618990 0.341346 0.147837 0.133413
4 0.644231 0.187500 0.146635 0.122596
4 0.467548 0.157452 0.138221 0.116587
4 0.450721 0.312500 0.146635 0.138221
4 0.365385 0.460337 0.161058 0.165865
4 0.210337 0.376202 0.159856 0.157452
4 0.304087 0.219952 0.150240 0.150240
