4 0.331731 0.846154 0.108173 0.131010
4 0.203125 0.881010 0.120192 0.104567
4 0.092548 0.829327 0.114183 0.100962
4 0.062500 0.754808 0.103365 0.081731
4 0.115385 0.688702 0.096154 0.069712
4 0.176683 0.770433 0.096154 0.090144
4 0.286058 0.781250 0.096154 0.087740
4 0.391827 0.786058 0.104567 0.087740
4 0.370192 0.717548 0.087740 0.070913
4 0.235577 0.721154 0.096154 0.066106
4 0.679087 0.812500 0.157452 0.129808
4 0.675481 0.701923 0.169471 0.150240
4 0.926683 0.879808 0.141827 0.162260
4 0.825721 0.926683 0.175481 0.126202
4 0.825721 0.811298 0.137019 0.131010
4 0.918269 0.748798 0.156250 0.122596
