4 0.441106 0.764423 0.191106 0.266827
4 0.400240 0.533654 0.198317 0.228365
4 0.538462 0.318510 0.204327 0.243990
4 0.372596 0.326923 0.183894 0.222356
4 0.223558 0.449519 0.170673 0.260817
4 0.197115 0.204327 0.167067 0.256010
4 0.370192 0.116587 0.187500 0.186298
4 0.562500 0.096154 0.175481 0.155048
4 0.691106 0.224760 0.156250 0.247596
4 0.683894 0.433894 0.176683 0.222356
4 0.609375 0.633413 0.175481 0.258413
4 0.861779 0.286058 0.176683 0.260817
4 0.884615 0.520433 0.167067 0.224760
4 0.796875 0.691106 0.179087 0.275240
4 0.088942 0.479567 0.153846 0.241587
4 0.354567 0.885817 0.195913 0.211538
4 0.250000 0.650240 0.168269 0.247596
