4 0.514423 0.675481 0.201923 0.235577
4 0.401442 0.520433 0.199519 0.225962
4 0.317308 0.282452 0.211538 0.177885
4 0.176683 0.245192 0.187500 0.156250
4 0.283654 0.111779 0.175481 0.141827
4 0.193510 0.402644 0.205529 0.162260
4 0.087740 0.717548 0.171875 0.253606
4 0.263221 0.844952 0.247596 0.210337
4 0.574519 0.862981 0.337740 0.183894
4 0.781250 0.694712 0.240385 0.213942
4 0.855769 0.411058 0.205529 0.204327
4 0.493990 0.401442 0.217548 0.175481
4 0.628606 0.246394 0.187500 0.138221
4 0.576923 0.122596 0.222356 0.129808
4 0.752404 0.164663 0.175481 0.123798
4 0.649038 0.542067 0.210337 0.165865
4 0.280048 0.650240 0.223558 0.201923
