4 0.282452 0.347356 0.108173 0.183894
4 0.360577 0.248798 0.115385 0.162260
4 0.323317 0.614183 0.131010 0.150240
4 0.447115 0.550481 0.135817 0.144231
4 0.342548 0.473558 0.105769 0.165865
4 0.439904 0.430288 0.117788 0.152644
4 0.521635 0.433894 0.090144 0.177885
4 0.125000 0.295673 0.118990 0.159856
4 0.108173 0.573317 0.120192 0.134615
4 0.756010 0.608173 0.149038 0.181490
4 0.790865 0.765625 0.118990 0.203125
4 0.673077 0.717548 0.128606 0.191106
4 0.925481 0.806490 0.139423 0.193510
4 0.882212 0.640625 0.120192 0.197115
