6 0.601124 0.441106 0.171428 0.129808
6 0.781552 0.465144 0.226885 0.158654
6 0.782006 0.336538 0.238974 0.170673
6 0.622087 0.325721 0.202776 0.146635
6 0.634623 0.207933 0.205180 0.146635
6 0.854603 0.212740 0.231706 0.161058
6 0.941792 0.324519 0.116336 0.163462
6 0.924279 0.461538 0.146635 0.163462
6 0.373785 0.204327 0.176278 0.137019
6 0.347937 0.306490 0.166635 0.132212
6 0.360683 0.431490 0.205208 0.151442
6 0.235593 0.415865 0.205082 0.129808
6 0.227675 0.294471 0.207556 0.141827
6 0.230553 0.169471 0.195677 0.165865
6 0.117552 0.165865 0.161827 0.132212
6 0.357952 0.581731 0.197899 0.134615
6 0.358693 0.709135 0.181128 0.144231
6 0.347373 0.829327 0.188423 0.158654
6 0.235502 0.606971 0.193119 0.139423
6 0.204875 0.713942 0.178570 0.117788
6 0.199508 0.824519 0.181156 0.149038
6 0.597771 0.691106 0.190771 0.149038
6 0.591251 0.810096 0.205152 0.141827
6 0.569072 0.923077 0.190771 0.149038
6 0.749493 0.739183 0.190743 0.144231
6 0.751415 0.862981 0.231748 0.168269
6 0.725441 0.943510 0.209764 0.108173
