6 0.663140 0.364276 0.129082 0.149724
6 0.657547 0.242903 0.136293 0.149766
6 0.715912 0.141124 0.145509 0.176250
6 0.805818 0.106807 0.139972 0.166607
6 0.753756 0.275900 0.118191 0.132841
6 0.838473 0.252365 0.126496 0.147306
6 0.894889 0.156582 0.126496 0.147306
6 0.936266 0.274559 0.110980 0.132799
6 0.773226 0.390146 0.118191 0.132841
6 0.852862 0.362977 0.117645 0.125629
6 0.929112 0.386247 0.110433 0.125587
6 0.868926 0.463987 0.124674 0.123267
6 0.784009 0.500737 0.111927 0.113582
6 0.714442 0.454679 0.114695 0.118404
6 0.714649 0.837925 0.092149 0.106259
6 0.723335 0.762287 0.097503 0.113498
6 0.771301 0.697691 0.095100 0.113484
6 0.842141 0.681284 0.098814 0.099089
6 0.907483 0.703289 0.099907 0.113512
6 0.940865 0.779171 0.096228 0.096671
6 0.923402 0.849952 0.093642 0.094253
6 0.869678 0.775153 0.092696 0.113470
6 0.806085 0.760366 0.096228 0.096671
6 0.784288 0.821510 0.097139 0.108691
6 0.754059 0.898224 0.090510 0.084624
6 0.816905 0.919013 0.086249 0.091808
6 0.846661 0.851908 0.088835 0.094225
6 0.880261 0.898958 0.083663 0.089390
