6 0.538950 0.389388 0.143147 0.177872
6 0.512752 0.210868 0.176412 0.236110
6 0.641609 0.201411 0.191255 0.248381
6 0.655300 0.359730 0.163469 0.209458
6 0.772600 0.337262 0.163553 0.211862
6 0.763412 0.119042 0.178900 0.238084
6 0.649428 0.052741 0.172299 0.105482
6 0.514183 0.071945 0.173558 0.143890
6 0.781521 0.597764 0.150527 0.182806
6 0.679468 0.630777 0.145383 0.173107
6 0.553434 0.628172 0.168445 0.214350
6 0.570745 0.751592 0.146726 0.211568
6 0.693300 0.750654 0.158829 0.214182
6 0.818635 0.738857 0.182532 0.204986
6 0.823145 0.850489 0.145215 0.168299
6 0.404018 0.641591 0.148878 0.204399
6 0.275160 0.651047 0.157906 0.187740
6 0.155540 0.671153 0.174985 0.195245
6 0.380464 0.765724 0.153518 0.199675
6 0.273394 0.804830 0.131380 0.184874
6 0.163641 0.817557 0.162798 0.190227
6 0.289522 0.411759 0.165537 0.199885
6 0.171314 0.425835 0.158745 0.211778
6 0.070585 0.458994 0.141171 0.197397
6 0.238278 0.262505 0.160646 0.197397
6 0.115430 0.271857 0.186111 0.238682
6 0.049401 0.305567 0.098802 0.215789
