6 0.276442 0.752404 0.274038 0.225962
6 0.516827 0.679087 0.262019 0.228365
6 0.766827 0.608173 0.257212 0.201923
6 0.204327 0.560096 0.257212 0.211538
6 0.425481 0.491587 0.235577 0.204327
6 0.641827 0.469952 0.228365 0.185096
6 0.876202 0.441106 0.242788 0.194712
6 0.132212 0.399038 0.240385 0.192308
6 0.337740 0.350962 0.216346 0.180288
6 0.538462 0.324519 0.206731 0.153846
6 0.771635 0.322115 0.216346 0.163462
6 0.685096 0.215144 0.194712 0.153846
6 0.455529 0.195913 0.194712 0.163462
6 0.587740 0.115385 0.175481 0.144231
6 0.269231 0.215144 0.194712 0.153846
6 0.098558 0.282452 0.180288 0.165865
6 0.206731 0.103365 0.187500 0.122596
6 0.387019 0.079327 0.180288 0.129808
