6 0.546014 0.757217 0.192307 0.133772
6 0.566005 0.661048 0.165473 0.126651
6 0.402396 0.762519 0.175873 0.137107
6 0.424497 0.662534 0.183084 0.137738
6 0.254658 0.776655 0.191277 0.150389
6 0.287699 0.662397 0.202708 0.144229
6 0.133362 0.788477 0.148596 0.153815
6 0.137753 0.679148 0.174646 0.151320
6 0.819660 0.669119 0.164295 0.112228
6 0.823536 0.568308 0.164491 0.114632
6 0.826185 0.482130 0.161891 0.112017
6 0.589603 0.505250 0.160272 0.121423
6 0.594165 0.412852 0.179699 0.125509
6 0.459820 0.502078 0.182888 0.135335
6 0.463696 0.401267 0.170476 0.129475
6 0.318508 0.505968 0.197507 0.139000
6 0.309972 0.401400 0.197900 0.143808
6 0.146363 0.502871 0.217523 0.150298
6 0.142954 0.386960 0.212127 0.142666
6 0.569490 0.258855 0.175480 0.132300
6 0.565247 0.162386 0.179699 0.125509
6 0.436518 0.246279 0.192307 0.133772
6 0.428473 0.147721 0.185096 0.133141
6 0.263490 0.232365 0.193485 0.148195
6 0.270874 0.130036 0.192896 0.140984
6 0.128213 0.221200 0.172831 0.158321
6 0.125098 0.108896 0.163461 0.131248
6 0.886749 0.141521 0.134860 0.102493
6 0.871295 0.219135 0.135253 0.107300
6 0.870976 0.289373 0.146487 0.098736
6 0.877059 0.363892 0.146683 0.101140
