6 0.249034 0.176062 0.266549 0.193467
6 0.519551 0.157832 0.273788 0.196164
6 0.816454 0.143331 0.336484 0.215538
6 0.897526 0.299808 0.196781 0.185819
6 0.655968 0.307248 0.304982 0.192630
6 0.375864 0.323466 0.271245 0.184047
6 0.271938 0.479071 0.283208 0.179729
6 0.541113 0.472909 0.271161 0.176836
6 0.796983 0.474496 0.278540 0.191553
6 0.885085 0.646304 0.201673 0.193226
6 0.677278 0.643959 0.280944 0.191651
6 0.419424 0.606412 0.292851 0.182525
6 0.139903 0.615566 0.279806 0.179925
6 0.273655 0.744501 0.292879 0.184929
6 0.507499 0.780624 0.295367 0.192238
6 0.789559 0.802768 0.350739 0.201703
6 0.083651 0.464022 0.167302 0.155993
