6 0.147837 0.144231 0.161058 0.151442
6 0.320913 0.137019 0.161058 0.149038
6 0.487981 0.137019 0.168269 0.149038
6 0.662260 0.115385 0.177885 0.161058
6 0.843750 0.111779 0.177885 0.165865
6 0.139423 0.292067 0.185096 0.149038
6 0.316106 0.288462 0.180288 0.161058
6 0.492788 0.283654 0.182692 0.151442
6 0.683894 0.277644 0.192308 0.153846
6 0.884615 0.271635 0.197115 0.153846
6 0.127404 0.450721 0.201923 0.175481
6 0.316106 0.459135 0.194712 0.180288
6 0.512019 0.459135 0.189904 0.175481
6 0.704327 0.441106 0.204327 0.175481
6 0.896635 0.433894 0.199519 0.177885
6 0.120192 0.644231 0.221154 0.209135
6 0.316106 0.647837 0.211538 0.201923
6 0.526442 0.645433 0.211538 0.209135
6 0.737981 0.639423 0.216346 0.233173
6 0.920673 0.635817 0.151442 0.225962
6 0.759615 0.841346 0.204327 0.218750
6 0.550481 0.862981 0.204327 0.225962
6 0.343750 0.852163 0.211538 0.223558
6 0.123798 0.867788 0.230769 0.235577
