6 0.389730 0.784085 0.211416 0.170345
6 0.261604 0.894643 0.230857 0.173420
6 0.212206 0.768300 0.231909 0.185440
6 0.491111 0.888278 0.199397 0.169925
6 0.596154 0.948317 0.168269 0.098558
6 0.332910 0.655086 0.199187 0.167521
6 0.742075 0.647806 0.157991 0.134928
6 0.586276 0.606418 0.175449 0.142727
6 0.498492 0.520673 0.188310 0.152763
6 0.153708 0.236630 0.222504 0.187508
6 0.271964 0.136512 0.229295 0.182952
6 0.831638 0.247123 0.148166 0.132189
6 0.434615 0.091865 0.210575 0.160730
6 0.883530 0.347192 0.119831 0.109631
6 0.937500 0.438702 0.120192 0.122596
6 0.875284 0.170761 0.131429 0.105243
6 0.934387 0.271081 0.119410 0.104823
6 0.963942 0.366587 0.067308 0.098558
6 0.587510 0.469860 0.149308 0.117850
6 0.631201 0.380319 0.160816 0.139820
6 0.927815 0.880762 0.132060 0.112454
6 0.955529 0.795673 0.084135 0.115385
6 0.956731 0.945913 0.081731 0.098558
