6 0.137286 0.716088 0.218956 0.282467
6 0.168323 0.446983 0.221612 0.289692
6 0.206990 0.165901 0.249481 0.330711
6 0.377694 0.097169 0.206151 0.191065
6 0.340873 0.325366 0.222703 0.320942
6 0.307097 0.604072 0.209509 0.287218
6 0.441205 0.722665 0.207441 0.296820
6 0.484177 0.456034 0.202213 0.284773
6 0.532696 0.202659 0.216972 0.294472
6 0.717907 0.131606 0.211966 0.219939
6 0.678236 0.338148 0.217056 0.296876
6 0.594944 0.588917 0.210264 0.308853
6 0.552885 0.858173 0.211538 0.278846
6 0.706032 0.747047 0.212668 0.308867
6 0.783677 0.520289 0.219963 0.311313
6 0.857116 0.241814 0.233913 0.366671
6 0.394231 0.906250 0.177885 0.182692
