6 0.686194 0.796692 0.194450 0.160670
6 0.822115 0.919471 0.216346 0.156250
6 0.862876 0.800805 0.211627 0.173081
6 0.591636 0.890580 0.182361 0.157986
6 0.491587 0.947115 0.156250 0.100962
6 0.735476 0.674125 0.182291 0.155583
6 0.324361 0.621316 0.145394 0.125897
6 0.477368 0.596051 0.162431 0.133500
6 0.560431 0.519912 0.172256 0.140936
6 0.887117 0.271680 0.202081 0.175261
6 0.762505 0.158277 0.211557 0.170677
6 0.207798 0.206623 0.135779 0.125673
6 0.598392 0.090799 0.191907 0.155806
6 0.162554 0.302860 0.108637 0.101019
6 0.104976 0.387999 0.123410 0.113374
6 0.159817 0.126233 0.120586 0.098895
6 0.107292 0.219898 0.108497 0.096212
6 0.060636 0.308895 0.105883 0.088944
6 0.467372 0.458892 0.137693 0.108902
6 0.418971 0.364079 0.147938 0.130761
6 0.152807 0.834724 0.120796 0.106107
6 0.099738 0.744607 0.111181 0.105883
6 0.108917 0.894959 0.108287 0.089000
