6 0.157475 0.619704 0.295787 0.219759
6 0.497186 0.660922 0.290895 0.212491
6 0.556263 0.439224 0.262049 0.212156
6 0.227118 0.419767 0.264229 0.192953
6 0.271353 0.233958 0.249610 0.175958
6 0.304365 0.082879 0.223000 0.161227
6 0.807408 0.653713 0.271664 0.212267
6 0.764151 0.858766 0.283767 0.219619
6 0.415775 0.839086 0.288799 0.238906
6 0.129260 0.820062 0.258519 0.212239
6 0.830008 0.467653 0.254586 0.190437
6 0.578542 0.280808 0.240218 0.195077
6 0.746686 0.190203 0.237815 0.195049
6 0.845383 0.282710 0.223308 0.187670
