6 0.741614 0.719027 0.412283 0.368087
6 0.770263 0.485125 0.391482 0.347399
6 0.780662 0.240662 0.372840 0.353153
6 0.556859 0.084350 0.395898 0.168700
6 0.536525 0.231688 0.399528 0.328897
6 0.505447 0.451440 0.392709 0.333158
6 0.474124 0.703461 0.338255 0.309920
6 0.390285 0.881821 0.304012 0.183098
6 0.181420 0.879730 0.270898 0.216424
6 0.265922 0.678625 0.310684 0.264829
6 0.274089 0.476138 0.326481 0.282749
6 0.297048 0.253418 0.348262 0.315456
6 0.118549 0.301735 0.237098 0.266722
6 0.113398 0.485447 0.226797 0.264683
6 0.091776 0.657595 0.183553 0.222578
