6 0.893914 0.595948 0.164370 0.229542
6 0.787108 0.641591 0.175494 0.210591
6 0.872411 0.721786 0.154920 0.181298
6 0.760435 0.310083 0.274671 0.277733
6 0.697945 0.153413 0.320456 0.281200
6 0.584526 0.883537 0.195173 0.220654
6 0.496578 0.627610 0.199980 0.220766
6 0.586660 0.734387 0.190813 0.230158
6 0.486420 0.819889 0.198472 0.239941
6 0.443737 0.392954 0.162467 0.188677
6 0.430190 0.244642 0.152740 0.186049
6 0.451943 0.139264 0.173090 0.210535
6 0.331329 0.171351 0.167947 0.203212
6 0.359941 0.332046 0.129986 0.161507
6 0.236779 0.906250 0.175481 0.182692
6 0.247856 0.749363 0.193217 0.230214
6 0.131378 0.795984 0.188185 0.225294
6 0.134388 0.498857 0.166827 0.179173
6 0.081862 0.361417 0.163725 0.218027
6 0.158025 0.223868 0.173090 0.210535
6 0.060791 0.226242 0.121582 0.202485
6 0.184651 0.401362 0.139601 0.161731
6 0.019418 0.338328 0.038837 0.176656
