6 0.338710 0.624897 0.100152 0.144487
6 0.305196 0.737640 0.107364 0.145034
6 0.217219 0.813833 0.110075 0.171658
6 0.118759 0.814778 0.107559 0.161861
6 0.224038 0.677451 0.095177 0.129700
6 0.133894 0.670621 0.100124 0.142084
6 0.054246 0.740240 0.092941 0.143941
6 0.049228 0.618572 0.085589 0.131375
6 0.241954 0.565928 0.095177 0.129700
6 0.154270 0.564087 0.092689 0.122306
6 0.088891 0.518303 0.085477 0.121760
6 0.172326 0.464583 0.102248 0.118227
6 0.265936 0.459667 0.090145 0.110105
6 0.319534 0.524973 0.092577 0.112691
6 0.442714 0.171646 0.073234 0.101618
6 0.409871 0.238808 0.075722 0.109012
6 0.340733 0.282804 0.073318 0.108830
6 0.267374 0.273643 0.080362 0.094953
6 0.211652 0.232193 0.078154 0.111598
6 0.202316 0.152229 0.080334 0.092549
6 0.242440 0.091624 0.077930 0.092367
6 0.271077 0.179055 0.070914 0.108648
6 0.327917 0.213384 0.077958 0.094771
6 0.369369 0.163687 0.075666 0.104204
6 0.423902 0.102972 0.075386 0.080166
6 0.368250 0.067533 0.073038 0.084792
6 0.318371 0.115390 0.073094 0.089599
6 0.302144 0.062524 0.070635 0.084609
