6 0.565057 0.740878 0.163242 0.204505
6 0.711105 0.707662 0.219761 0.259965
6 0.608693 0.568358 0.175429 0.212276
6 0.460408 0.594474 0.183088 0.231843
6 0.483835 0.413290 0.209922 0.249901
6 0.669826 0.417834 0.192703 0.232291
6 0.888546 0.512101 0.198071 0.256553
6 0.787839 0.351106 0.222557 0.276903
6 0.679277 0.218091 0.185436 0.229551
6 0.527751 0.228750 0.209866 0.247497
6 0.574517 0.092281 0.206735 0.184563
6 0.434702 0.103033 0.180237 0.206065
6 0.412393 0.284549 0.160670 0.197181
6 0.370183 0.447398 0.153123 0.182422
6 0.326333 0.164894 0.172857 0.204953
