6 0.720809 0.405591 0.134958 0.157152
6 0.769867 0.297135 0.142366 0.159892
6 0.869333 0.229765 0.154140 0.186782
6 0.944712 0.237981 0.105769 0.177885
6 0.844068 0.363655 0.124166 0.142281
6 0.931490 0.378606 0.132212 0.156250
6 0.978365 0.318510 0.038462 0.156250
6 0.975962 0.439904 0.043269 0.144231
6 0.810732 0.472586 0.124166 0.142281
6 0.897148 0.481833 0.123577 0.135070
6 0.947115 0.533654 0.100962 0.134615
6 0.866339 0.577374 0.130592 0.133002
6 0.770897 0.575787 0.115384 0.122715
6 0.726548 0.505463 0.120388 0.125343
6 0.553912 0.844082 0.097772 0.112316
6 0.595783 0.780601 0.103169 0.119751
6 0.671161 0.743308 0.100765 0.119639
6 0.743546 0.758034 0.101991 0.105328
6 0.794346 0.803928 0.105573 0.119863
6 0.791206 0.883703 0.101795 0.102924
6 0.742957 0.928177 0.100029 0.081290
6 0.727062 0.851702 0.098361 0.119527
6 0.674350 0.811930 0.099588 0.105216
6 0.626199 0.857606 0.100372 0.114831
6 0.563110 0.912424 0.093603 0.090569
6 0.612536 0.941491 0.091640 0.066531
6 0.670376 0.911048 0.094387 0.100184
6 0.680334 0.944366 0.085851 0.054287
