6 0.777282 0.420408 0.207715 0.170565
6 0.737431 0.276568 0.262531 0.227085
6 0.603156 0.386332 0.212943 0.182696
6 0.635920 0.533610 0.232425 0.190355
6 0.455254 0.518596 0.252663 0.219649
6 0.451152 0.332354 0.235165 0.200027
6 0.534692 0.110923 0.256883 0.202934
6 0.381101 0.217835 0.279525 0.232284
6 0.251885 0.334922 0.232509 0.192759
6 0.269151 0.485442 0.250176 0.217189
6 0.117777 0.449493 0.211714 0.216294
6 0.144155 0.585814 0.215514 0.187560
6 0.329503 0.597334 0.198016 0.167938
6 0.492811 0.631159 0.183341 0.160390
6 0.212668 0.690690 0.205647 0.180125
