6 0.413462 0.930288 0.225962 0.134615
6 0.372947 0.829841 0.204724 0.165325
6 0.289221 0.903306 0.175290 0.146143
6 0.706830 0.849905 0.265774 0.266188
6 0.864183 0.814904 0.266827 0.307692
6 0.140675 0.596350 0.212691 0.187548
6 0.400134 0.544421 0.212775 0.189952
6 0.290049 0.618131 0.224458 0.181318
6 0.208272 0.507186 0.234241 0.186911
6 0.637931 0.524282 0.182837 0.156348
6 0.786844 0.532842 0.180098 0.146536
6 0.891175 0.568924 0.204640 0.162921
6 0.865259 0.444561 0.197344 0.159929
6 0.702469 0.450449 0.157708 0.123135
6 0.123653 0.246198 0.190217 0.161744
6 0.290274 0.281372 0.222138 0.183526
6 0.248859 0.159340 0.219567 0.178522
6 0.546448 0.204006 0.170986 0.160174
6 0.687504 0.159191 0.209951 0.177737
6 0.820669 0.265941 0.204640 0.162921
6 0.825962 0.142928 0.195192 0.166944
6 0.640926 0.266849 0.158043 0.132751
6 0.718681 0.091025 0.172940 0.078836
