6 0.201782 0.531359 0.337527 0.307910
6 0.518532 0.683716 0.350898 0.296899
6 0.617663 0.492350 0.323825 0.287839
6 0.296015 0.365930 0.317545 0.270675
6 0.373841 0.204132 0.299036 0.250268
6 0.436598 0.102204 0.262619 0.161712
6 0.826629 0.778129 0.331247 0.290747
6 0.745192 0.901442 0.346154 0.192308
6 0.406571 0.824014 0.357809 0.321274
6 0.167180 0.709319 0.235514 0.288831
6 0.862981 0.609375 0.269231 0.266827
6 0.667334 0.350085 0.295490 0.264355
6 0.849952 0.321045 0.293086 0.264187
6 0.894231 0.439904 0.206731 0.254808
