6 0.444392 0.179087 0.223475 0.199519
6 0.362492 0.061298 0.244215 0.122596
6 0.277827 0.118990 0.245306 0.216346
6 0.568734 0.122596 0.213804 0.194712
6 0.686229 0.097356 0.174727 0.141827
6 0.354206 0.278846 0.211372 0.192308
6 0.725294 0.459135 0.167656 0.153846
6 0.571141 0.432692 0.187026 0.165865
6 0.464701 0.478365 0.199157 0.175481
6 0.094789 0.605769 0.177998 0.216346
6 0.143328 0.748798 0.242874 0.213942
6 0.688136 0.881010 0.160416 0.151442
6 0.275681 0.864183 0.221016 0.194712
6 0.766596 0.806490 0.128830 0.122596
6 0.851233 0.746394 0.143421 0.137019
6 0.705816 0.954327 0.140430 0.086538
6 0.789335 0.901442 0.128774 0.117788
6 0.866691 0.835337 0.121451 0.108173
6 0.531800 0.563702 0.157844 0.137019
6 0.543834 0.668269 0.172519 0.158654
6 0.945913 0.317308 0.103365 0.134615
6 0.956731 0.417067 0.081731 0.132212
6 0.981971 0.275240 0.031250 0.117788
