6 0.622607 0.807692 0.262069 0.310096
6 0.618916 0.465144 0.251949 0.302885
6 0.390189 0.453125 0.249932 0.274038
6 0.415490 0.778846 0.230701 0.274038
6 0.224804 0.772837 0.210462 0.259615
6 0.082182 0.772837 0.164363 0.230769
6 0.570300 0.163462 0.248200 0.283654
6 0.779351 0.164663 0.258824 0.298077
6 0.806996 0.508413 0.278391 0.302885
6 0.826766 0.810096 0.249209 0.298077
6 0.381708 0.179087 0.225221 0.264423
6 0.230863 0.462740 0.226784 0.252404
6 0.118521 0.316106 0.226616 0.250000
6 0.196301 0.200721 0.218228 0.233173
