6 0.615385 0.888221 0.370192 0.218750
6 0.736684 0.722115 0.366366 0.260826
6 0.826069 0.494484 0.303311 0.285892
6 0.732913 0.159709 0.359556 0.229296
6 0.625099 0.354900 0.353269 0.243299
6 0.511659 0.543731 0.344115 0.249950
6 0.385400 0.763182 0.288519 0.241922
6 0.223558 0.909856 0.274038 0.175481
6 0.088471 0.781681 0.176943 0.183554
6 0.216651 0.629094 0.271477 0.200217
6 0.303340 0.443530 0.282017 0.215200
6 0.411155 0.248339 0.298442 0.247290
6 0.215101 0.182632 0.248055 0.208432
6 0.129201 0.347693 0.258403 0.204325
6 0.075055 0.505180 0.150110 0.180894
