6 0.448451 0.578983 0.185493 0.153235
6 0.271951 0.622787 0.246848 0.190691
6 0.319460 0.743174 0.259371 0.205394
6 0.471753 0.695122 0.219902 0.175653
6 0.503385 0.808661 0.222306 0.175709
6 0.297928 0.884415 0.249336 0.193151
6 0.169166 0.814035 0.152679 0.176490
6 0.132055 0.681376 0.181609 0.179565
6 0.746799 0.717590 0.192956 0.160614
6 0.732330 0.613274 0.183173 0.155583
6 0.674256 0.500351 0.224878 0.180572
6 0.795845 0.468651 0.221719 0.158882
6 0.849027 0.579283 0.224542 0.170957
6 0.890625 0.698317 0.213942 0.194712
6 0.951923 0.661058 0.091346 0.158654
6 0.621226 0.359643 0.212187 0.161062
6 0.573760 0.240457 0.200420 0.167993
6 0.540843 0.124542 0.208219 0.184988
6 0.725889 0.291047 0.209951 0.165813
6 0.714816 0.180638 0.192369 0.143787
6 0.678671 0.081012 0.200588 0.162025
6 0.359654 0.344079 0.210287 0.175429
6 0.320810 0.230707 0.222138 0.170901
6 0.298668 0.113338 0.208135 0.182584
6 0.200008 0.353809 0.210119 0.170621
6 0.152709 0.239431 0.251992 0.200418
6 0.141972 0.138638 0.224458 0.168553
