6 0.572005 0.230525 0.193751 0.138843
6 0.566733 0.328999 0.167099 0.130708
6 0.437342 0.186119 0.176994 0.140659
6 0.430763 0.288156 0.181802 0.140827
6 0.299352 0.131971 0.191837 0.155586
6 0.298294 0.251046 0.203646 0.148794
6 0.166066 0.081597 0.191907 0.157990
6 0.144890 0.189141 0.198978 0.153434
6 0.811589 0.390488 0.164275 0.116201
6 0.787121 0.487088 0.164345 0.118605
6 0.766609 0.571795 0.161871 0.116117
6 0.545360 0.484661 0.162081 0.123329
6 0.524708 0.574176 0.179048 0.128724
6 0.419997 0.451408 0.181732 0.138423
6 0.396732 0.548050 0.169572 0.133196
6 0.285299 0.408204 0.196225 0.141331
6 0.248743 0.506788 0.198768 0.146223
6 0.119316 0.365110 0.218209 0.154106
6 0.096323 0.475923 0.192646 0.148962
6 0.459283 0.713862 0.174450 0.135768
6 0.427744 0.805403 0.179048 0.128724
6 0.327631 0.690015 0.193751 0.138843
6 0.293688 0.781471 0.186469 0.136187
6 0.157798 0.655208 0.194170 0.153266
6 0.136866 0.754338 0.193961 0.146055
6 0.056930 0.629670 0.113860 0.163187
6 0.037118 0.737214 0.074235 0.133082
6 0.731402 0.913462 0.135079 0.103175
6 0.737281 0.835463 0.135219 0.107982
6 0.756101 0.767541 0.147099 0.103594
6 0.783370 0.698710 0.147168 0.105998
