6 0.180009 0.788093 0.172160 0.229886
6 0.304589 0.783874 0.159722 0.214481
6 0.268143 0.891213 0.139651 0.184065
6 0.171768 0.463672 0.255150 0.279826
6 0.141715 0.254979 0.279373 0.370535
6 0.594952 0.907452 0.180288 0.180288
6 0.551490 0.656543 0.183970 0.223655
6 0.523025 0.790913 0.172230 0.232289
6 0.651338 0.832563 0.179792 0.244897
6 0.488180 0.417556 0.149407 0.189658
6 0.428835 0.273620 0.139721 0.186469
6 0.361483 0.184187 0.157248 0.211881
6 0.480871 0.166354 0.152230 0.204277
6 0.531125 0.327535 0.117457 0.163069
6 0.914887 0.824099 0.154494 0.199666
6 0.825353 0.672902 0.177038 0.232682
6 0.929087 0.670673 0.137019 0.230769
6 0.806492 0.395577 0.153935 0.180435
6 0.798375 0.240235 0.169407 0.217670
6 0.659083 0.150925 0.159512 0.207270
6 0.773523 0.127892 0.172046 0.143543
6 0.716864 0.323511 0.127073 0.163854
6 0.875674 0.176999 0.125158 0.180484
