6 0.536069 0.384123 0.215290 0.216406
6 0.497986 0.576877 0.210692 0.223506
6 0.347889 0.692455 0.244206 0.219481
6 0.309971 0.507553 0.267169 0.265658
6 0.383713 0.287966 0.255290 0.270186
6 0.111970 0.472666 0.223940 0.310716
6 0.167132 0.208355 0.292747 0.319102
6 0.756793 0.486682 0.156688 0.183813
6 0.730822 0.635217 0.144179 0.166707
6 0.784037 0.335771 0.146793 0.173974
6 0.649270 0.751187 0.182571 0.165198
6 0.814677 0.646791 0.133934 0.144848
6 0.839879 0.524698 0.112020 0.134729
6 0.848883 0.380579 0.131880 0.156812
