6 0.327403 0.147247 0.374040 0.272642
6 0.201945 0.334058 0.369078 0.269902
6 0.132185 0.560650 0.264370 0.294378
6 0.197115 0.887019 0.365385 0.221154
6 0.307367 0.704830 0.355980 0.252235
6 0.424258 0.519834 0.346827 0.258774
6 0.554045 0.303143 0.291231 0.250100
6 0.719415 0.152928 0.273573 0.198611
6 0.875683 0.295452 0.225034 0.188037
6 0.721439 0.441616 0.274189 0.208226
6 0.631221 0.624855 0.284728 0.223321
6 0.519878 0.817482 0.301000 0.253176
6 0.715700 0.889126 0.250767 0.216160
6 0.804608 0.726320 0.262324 0.209789
6 0.877275 0.572037 0.186726 0.187752
