6 0.632992 0.500376 0.195830 0.196840
6 0.438372 0.480219 0.205404 0.189852
6 0.286265 0.590877 0.195998 0.225686
6 0.454031 0.681332 0.239365 0.243520
6 0.684870 0.674684 0.246507 0.231668
6 0.429087 0.889423 0.290865 0.216346
6 0.704327 0.884615 0.298077 0.225962
6 0.594727 0.259068 0.169066 0.140936
6 0.444578 0.239946 0.154573 0.128581
6 0.746086 0.277016 0.159395 0.131097
6 0.312087 0.284946 0.147600 0.169278
6 0.455878 0.157265 0.132911 0.123270
6 0.579627 0.168560 0.123156 0.099007
6 0.721279 0.201909 0.144902 0.118742
