6 0.290596 0.217936 0.319858 0.289414
6 0.217402 0.403468 0.294446 0.270765
6 0.142846 0.573211 0.285691 0.279616
6 0.088060 0.733321 0.176121 0.245488
6 0.486313 0.235185 0.323047 0.299211
6 0.411844 0.436342 0.318239 0.298847
6 0.323344 0.631599 0.317454 0.289232
6 0.213185 0.810702 0.295231 0.280381
6 0.724441 0.281045 0.378875 0.339276
6 0.631158 0.490451 0.338647 0.314727
6 0.539371 0.696343 0.345662 0.312870
6 0.421875 0.866587 0.358173 0.262019
6 0.875148 0.331164 0.228021 0.335012
6 0.831683 0.567323 0.273743 0.309809
6 0.753559 0.798437 0.340609 0.338766
