6 0.763619 0.748429 0.219395 0.264537
6 0.565455 0.763957 0.209500 0.240386
6 0.377159 0.801009 0.209780 0.264425
6 0.200896 0.839122 0.187725 0.228115
6 0.802260 0.556847 0.231414 0.264677
6 0.588430 0.568952 0.231358 0.259869
6 0.377185 0.596654 0.221743 0.259757
6 0.174648 0.649498 0.219087 0.238094
6 0.827107 0.316141 0.258416 0.313061
6 0.600238 0.344025 0.245977 0.276864
6 0.376960 0.370664 0.238878 0.286395
6 0.161243 0.427268 0.224622 0.300650
6 0.835575 0.119742 0.276920 0.239484
6 0.589153 0.118695 0.250421 0.237390
6 0.340593 0.137883 0.269932 0.269932
