6 0.756200 0.298832 0.264595 0.230579
6 0.761200 0.497766 0.240277 0.217020
6 0.788058 0.688470 0.264371 0.220964
6 0.816369 0.868435 0.225350 0.194461
6 0.566130 0.242115 0.262471 0.242444
6 0.567160 0.456442 0.257663 0.242136
6 0.583871 0.669367 0.259843 0.232675
6 0.625990 0.876698 0.238097 0.226481
6 0.326472 0.195460 0.311107 0.269564
6 0.342820 0.424010 0.274770 0.255234
6 0.359251 0.648954 0.284217 0.248639
6 0.403466 0.869660 0.300709 0.235294
6 0.124692 0.169068 0.249385 0.285251
6 0.116276 0.412750 0.232553 0.255635
6 0.129132 0.663906 0.258264 0.281368
