6 0.204980 0.217462 0.287172 0.207572
6 0.474674 0.173478 0.294481 0.210059
6 0.770761 0.130388 0.360365 0.234853
6 0.866852 0.278238 0.217069 0.197145
6 0.626543 0.308665 0.325731 0.210423
6 0.347331 0.350358 0.291588 0.198012
6 0.256585 0.513596 0.301105 0.195720
6 0.525740 0.482833 0.288890 0.190773
6 0.782485 0.461825 0.299191 0.207711
6 0.875633 0.622924 0.200633 0.206565
6 0.677930 0.639641 0.301595 0.207739
6 0.416547 0.627065 0.313222 0.198264
6 0.143490 0.661587 0.286980 0.195776
6 0.284321 0.776370 0.313320 0.200668
6 0.520365 0.791644 0.316018 0.207907
6 0.794453 0.787253 0.350260 0.222722
6 0.081280 0.516980 0.162560 0.167963
