6 0.495035 0.773579 0.180946 0.122429
6 0.519730 0.678506 0.154475 0.116236
6 0.353201 0.779810 0.164147 0.126355
6 0.379070 0.679866 0.168955 0.126607
6 0.205399 0.793567 0.178640 0.139130
6 0.242008 0.679836 0.190603 0.130145
6 0.076835 0.807519 0.145028 0.144578
6 0.088218 0.697514 0.169024 0.138626
6 0.771050 0.685774 0.154392 0.101813
6 0.780085 0.585510 0.154406 0.104217
6 0.785599 0.499859 0.151988 0.101687
6 0.548883 0.523085 0.149640 0.111176
6 0.557960 0.430033 0.168885 0.114588
6 0.420214 0.519008 0.168941 0.124203
6 0.428047 0.418807 0.156893 0.118766
6 0.279575 0.523974 0.183364 0.124959
6 0.275354 0.418394 0.185795 0.129893
6 0.108825 0.519697 0.205054 0.135708
6 0.109356 0.404250 0.197815 0.130523
6 0.539036 0.277132 0.161715 0.121421
6 0.538476 0.180978 0.168885 0.114588
6 0.406705 0.263628 0.180946 0.122429
6 0.403735 0.166398 0.173734 0.122051
6 0.235906 0.250938 0.181030 0.136852
6 0.247338 0.149347 0.180988 0.129641
6 0.101179 0.238762 0.157061 0.147612
6 0.102933 0.126857 0.149696 0.120792
6 0.860564 0.159289 0.125503 0.093089
6 0.841780 0.237220 0.125531 0.097897
6 0.838580 0.307120 0.137509 0.091315
6 0.841418 0.381514 0.137523 0.093719
