6 0.568989 0.194332 0.153514 0.200988
6 0.716015 0.202618 0.207574 0.254549
6 0.624560 0.358389 0.165646 0.206496
6 0.475326 0.358656 0.173305 0.226147
6 0.511918 0.534650 0.197735 0.244374
6 0.696399 0.497427 0.180516 0.226567
6 0.905048 0.367788 0.185096 0.250000
6 0.817822 0.543312 0.210425 0.273920
6 0.719072 0.695896 0.173305 0.226147
6 0.567769 0.710727 0.197679 0.241970
6 0.626611 0.860151 0.197063 0.215528
6 0.484504 0.856392 0.170509 0.209180
6 0.450204 0.675450 0.150887 0.191233
6 0.396058 0.520938 0.145743 0.176530
6 0.372724 0.811150 0.163074 0.199144
