6 0.470778 0.638642 0.228817 0.227262
6 0.530431 0.451464 0.224177 0.234446
6 0.455104 0.279127 0.255371 0.232224
6 0.331499 0.425063 0.282877 0.278051
6 0.290126 0.653218 0.273373 0.282802
6 0.133523 0.357761 0.267047 0.321292
6 0.110069 0.623267 0.220139 0.333073
6 0.714517 0.650879 0.167882 0.190855
6 0.763547 0.506914 0.155471 0.173958
6 0.665431 0.797248 0.157986 0.178780
6 0.748763 0.367386 0.191584 0.176572
6 0.842202 0.536222 0.145352 0.152267
6 0.805779 0.655016 0.120978 0.137705
6 0.743807 0.786885 0.143172 0.161869
