3 0.646569 0.449160 0.267968 0.243779
3 0.486304 0.364605 0.258073 0.238299
3 0.244542 0.322856 0.212820 0.242317
3 0.200770 0.190653 0.187241 0.214194
3 0.078616 0.319334 0.157232 0.200998
3 0.359424 0.179558 0.198117 0.236501
3 0.668177 0.065392 0.283839 0.130784
3 0.805209 0.171130 0.251258 0.285704
3 0.837769 0.475292 0.236927 0.368494
3 0.679315 0.709019 0.253242 0.278660
3 0.398054 0.831631 0.239122 0.241762
3 0.372041 0.476736 0.210696 0.246957
3 0.222735 0.635608 0.168011 0.212849
3 0.096369 0.606139 0.165163 0.246167
3 0.146525 0.772610 0.150344 0.197249
3 0.520170 0.605233 0.200801 0.241477
3 0.610731 0.221837 0.237699 0.258421
