3 0.291159 0.265004 0.367971 0.417865
3 0.122037 0.439457 0.244074 0.345260
3 0.222221 0.622898 0.273009 0.313982
3 0.363895 0.481847 0.241106 0.220079
3 0.305493 0.720771 0.243766 0.265752
3 0.189888 0.827106 0.195457 0.178961
3 0.094978 0.713468 0.189956 0.272781
3 0.305288 0.906250 0.187500 0.182692
3 0.418685 0.841662 0.214267 0.171862
3 0.435977 0.668627 0.161499 0.214809
3 0.189247 0.941323 0.158163 0.116266
3 0.564112 0.223308 0.350024 0.398537
3 0.757913 0.116226 0.359175 0.225572
3 0.847300 0.274251 0.262250 0.335547
3 0.714611 0.426175 0.297467 0.321334
3 0.679582 0.614738 0.241222 0.263334
3 0.847606 0.558003 0.251538 0.275409
3 0.595811 0.752518 0.209156 0.207878
3 0.710227 0.790456 0.206472 0.203056
3 0.823860 0.697335 0.203648 0.195830
3 0.848962 0.823726 0.188385 0.181323
3 0.921205 0.801302 0.071857 0.202273
