3 0.487628 0.186233 0.242184 0.234735
3 0.277887 0.301569 0.252094 0.242506
3 0.374935 0.450596 0.214861 0.211560
3 0.180717 0.508672 0.242184 0.234735
3 0.215759 0.708075 0.239683 0.232191
3 0.426091 0.637070 0.239585 0.229787
3 0.390388 0.807019 0.200046 0.201104
3 0.591648 0.782108 0.195434 0.205632
3 0.600860 0.614900 0.170612 0.185001
3 0.742691 0.665394 0.158397 0.179494
3 0.819112 0.496670 0.153197 0.169598
3 0.673381 0.453598 0.172918 0.182737
3 0.553132 0.344292 0.205049 0.206192
3 0.676307 0.205220 0.197740 0.203368
3 0.802126 0.324993 0.185133 0.188245
