3 0.105914 0.574031 0.160307 0.140332
3 0.052310 0.690260 0.104620 0.144944
3 0.059541 0.809342 0.119082 0.137760
3 0.115690 0.857789 0.109266 0.120808
3 0.194829 0.823388 0.094564 0.111108
3 0.133435 0.743691 0.113934 0.116028
3 0.154646 0.634420 0.111530 0.116014
3 0.180491 0.531188 0.114144 0.123239
3 0.239468 0.569999 0.091880 0.101479
3 0.197229 0.699583 0.092160 0.111094
3 0.236821 0.247814 0.171321 0.188465
3 0.342883 0.279686 0.193375 0.203014
3 0.244003 0.042292 0.199494 0.082878
3 0.169287 0.089942 0.175849 0.178878
3 0.280611 0.106218 0.168288 0.166816
3 0.367172 0.064647 0.164695 0.125937
