3 0.661948 0.234908 0.192002 0.136807
3 0.754209 0.312043 0.172897 0.142336
3 0.392319 0.281300 0.161129 0.155707
3 0.445384 0.403866 0.156364 0.157691
3 0.531238 0.297948 0.175133 0.132931
3 0.565555 0.394553 0.160878 0.141284
3 0.555715 0.477020 0.184455 0.116945
3 0.727113 0.076796 0.170535 0.144529
3 0.452502 0.067963 0.144093 0.135927
3 0.360749 0.714893 0.192715 0.177672
3 0.201675 0.752812 0.213846 0.150719
3 0.258957 0.633792 0.204399 0.159493
3 0.148908 0.888238 0.207012 0.171722
3 0.317722 0.842266 0.206677 0.152492
