3 0.591720 0.513681 0.312843 0.237694
3 0.346139 0.438676 0.263759 0.205486
3 0.390282 0.244166 0.269490 0.232264
3 0.153388 0.299892 0.273375 0.206158
3 0.668273 0.322643 0.276282 0.220750
3 0.839919 0.479228 0.293529 0.233945
3 0.799214 0.678798 0.310859 0.249545
3 0.591430 0.798008 0.295429 0.219690
3 0.328697 0.800118 0.276198 0.218346
3 0.402133 0.629344 0.275778 0.206326
3 0.149252 0.659855 0.237065 0.196425
3 0.109068 0.463934 0.218136 0.202965
3 0.763221 0.931490 0.300481 0.132212
3 0.449519 0.939904 0.317308 0.115385
3 0.151187 0.880480 0.273375 0.206158
3 0.758368 0.157853 0.311500 0.199232
3 0.448287 0.101229 0.343811 0.163124
3 0.161962 0.123377 0.259371 0.217169
