3 0.453728 0.297115 0.269437 0.297887
3 0.381326 0.481640 0.264293 0.287963
3 0.358089 0.734968 0.260379 0.244540
3 0.230487 0.817498 0.230609 0.216249
3 0.368174 0.892621 0.214675 0.172056
3 0.208299 0.663019 0.250259 0.229501
3 0.075996 0.401089 0.151992 0.303590
3 0.169742 0.221774 0.305159 0.290582
3 0.467697 0.124325 0.386722 0.248650
3 0.708120 0.189671 0.300351 0.290274
3 0.849546 0.432447 0.263622 0.268733
3 0.500816 0.562726 0.265186 0.244848
3 0.668788 0.663491 0.225130 0.196710
3 0.648504 0.797905 0.256548 0.203521
3 0.809062 0.698873 0.207715 0.178805
3 0.617605 0.377755 0.257639 0.234771
3 0.233074 0.399999 0.280533 0.272215
