3 0.475837 0.380805 0.222944 0.312840
3 0.414771 0.628654 0.193818 0.264091
3 0.217418 0.592376 0.220288 0.269515
3 0.287298 0.826359 0.191470 0.273651
3 0.280692 0.310817 0.205907 0.276390
3 0.425125 0.141768 0.220442 0.283536
3 0.628460 0.166887 0.234949 0.310716
3 0.759456 0.368193 0.206019 0.295621
3 0.776613 0.631050 0.203503 0.276334
3 0.601921 0.564193 0.191484 0.276055
3 0.646659 0.815590 0.184049 0.237425
3 0.453429 0.868171 0.191204 0.227978
3 0.913504 0.192709 0.172379 0.297242
3 0.927885 0.504808 0.139423 0.317308
3 0.866583 0.805663 0.191470 0.273651
3 0.110725 0.229425 0.184482 0.311945
3 0.072865 0.540445 0.141395 0.342187
3 0.110580 0.824461 0.203406 0.259508
