3 0.294629 0.651208 0.417728 0.337663
3 0.463958 0.844777 0.343463 0.272693
3 0.652057 0.712003 0.313160 0.251445
3 0.514652 0.572991 0.218135 0.228062
3 0.753017 0.625196 0.265847 0.226616
3 0.857168 0.739950 0.178980 0.184675
3 0.739727 0.848451 0.272730 0.191231
3 0.923077 0.622596 0.149038 0.173077
3 0.875921 0.509063 0.171004 0.205638
3 0.703335 0.495758 0.214163 0.144096
3 0.955529 0.739183 0.084135 0.151442
3 0.259440 0.378178 0.397405 0.321896
3 0.134947 0.186307 0.265157 0.343732
3 0.317638 0.105967 0.335923 0.211934
3 0.466332 0.222340 0.319789 0.275819
3 0.654798 0.253868 0.260857 0.223876
3 0.600818 0.100408 0.273605 0.200815
3 0.791437 0.334936 0.205969 0.193736
3 0.832155 0.218509 0.201161 0.193400
3 0.740387 0.107722 0.196172 0.190660
3 0.868647 0.082913 0.180656 0.165826
3 0.850726 0.018249 0.201451 0.036497
