3 0.766030 0.686929 0.192567 0.225804
3 0.932692 0.639423 0.129808 0.259615
3 0.864454 0.469814 0.169704 0.257917
3 0.352400 0.329164 0.178091 0.292033
3 0.417247 0.668323 0.170963 0.293975
3 0.297409 0.824170 0.183402 0.306764
3 0.251168 0.569346 0.187370 0.283034
3 0.099527 0.504378 0.163668 0.291109
3 0.077644 0.222696 0.149077 0.285377
3 0.204941 0.349455 0.159585 0.242878
3 0.440709 0.201839 0.152961 0.259243
3 0.187141 0.117443 0.164225 0.234886
3 0.338820 0.088552 0.165201 0.177104
3 0.473855 0.461116 0.142033 0.289723
3 0.141072 0.728183 0.176244 0.239149
