3 0.328075 0.269299 0.190927 0.129804
3 0.230710 0.358317 0.171836 0.133379
3 0.595335 0.278565 0.160307 0.149436
3 0.535137 0.409589 0.155569 0.151532
3 0.455142 0.313942 0.174030 0.126322
3 0.413778 0.416167 0.159887 0.135013
3 0.419813 0.497358 0.185560 0.110265
3 0.272490 0.118102 0.169503 0.135629
3 0.549842 0.069137 0.145534 0.136493
3 0.599571 0.710179 0.192116 0.170669
3 0.757456 0.726455 0.212842 0.140806
3 0.706727 0.614536 0.203576 0.152209
3 0.801686 0.855585 0.206260 0.161978
3 0.634431 0.831513 0.208104 0.142902
