3 0.800873 0.501662 0.199532 0.220010
3 0.654087 0.308102 0.207192 0.230130
3 0.526607 0.426177 0.183990 0.194963
3 0.438883 0.240341 0.199532 0.220010
3 0.250158 0.303817 0.199421 0.217606
3 0.354235 0.506370 0.194725 0.219674
3 0.182360 0.494351 0.173703 0.179868
3 0.239506 0.692425 0.178174 0.172992
3 0.402994 0.678699 0.162744 0.150349
3 0.377595 0.827872 0.159892 0.140566
3 0.553721 0.879722 0.147649 0.134918
3 0.571796 0.727641 0.160564 0.154989
3 0.657683 0.591084 0.178734 0.185012
3 0.812178 0.692936 0.175995 0.177632
3 0.718270 0.837318 0.163527 0.167176
