3 0.811970 0.548077 0.206892 0.209135
3 0.689407 0.734375 0.214664 0.218750
3 0.545107 0.609375 0.188665 0.185096
3 0.479957 0.790865 0.206892 0.209135
3 0.282177 0.717548 0.204348 0.206731
3 0.362043 0.520433 0.202085 0.209135
3 0.191509 0.522837 0.180614 0.170673
3 0.223368 0.326923 0.182737 0.165865
3 0.390563 0.349760 0.166914 0.141827
3 0.345685 0.198317 0.161547 0.132212
3 0.517514 0.156250 0.151651 0.127404
3 0.554119 0.310096 0.164790 0.146635
3 0.657261 0.450721 0.183438 0.177885
3 0.800769 0.355769 0.180614 0.170673
3 0.687521 0.206731 0.167894 0.158654
