3 0.807692 0.676683 0.379808 0.310096
3 0.710337 0.882212 0.324519 0.230769
3 0.490092 0.790115 0.297210 0.228059
3 0.584184 0.632743 0.202844 0.212984
3 0.369423 0.719622 0.250304 0.206168
3 0.301050 0.848555 0.164321 0.172422
3 0.443510 0.924279 0.262019 0.146635
3 0.174850 0.747805 0.198993 0.152888
3 0.218368 0.623411 0.156092 0.193497
3 0.381153 0.584995 0.207067 0.129409
3 0.162273 0.869211 0.161857 0.133961
3 0.776559 0.402066 0.377984 0.292636
3 0.861779 0.198317 0.271635 0.314904
3 0.643104 0.132054 0.324670 0.208105
3 0.533973 0.278970 0.301154 0.252238
3 0.361757 0.338391 0.247747 0.203625
3 0.367262 0.162688 0.257978 0.213800
3 0.252026 0.438572 0.191226 0.181174
3 0.181623 0.330294 0.186264 0.178490
3 0.238362 0.206670 0.181302 0.175806
3 0.107276 0.197838 0.168513 0.163087
3 0.096045 0.078638 0.190549 0.133237
