3 0.425731 0.516965 0.333949 0.239827
3 0.672781 0.593685 0.281283 0.208283
3 0.632310 0.788711 0.290344 0.234767
3 0.859375 0.735577 0.276442 0.211538
3 0.352388 0.706171 0.296715 0.222790
3 0.183926 0.549635 0.307339 0.237269
3 0.215647 0.349850 0.334789 0.251846
3 0.421521 0.233220 0.315945 0.222902
3 0.683793 0.235302 0.296546 0.220386
3 0.613828 0.404047 0.295706 0.208367
3 0.866787 0.376122 0.256572 0.198528
3 0.893029 0.573317 0.209135 0.204327
3 0.249790 0.082660 0.312079 0.165320
3 0.560751 0.076971 0.328234 0.153942
3 0.855769 0.156250 0.283654 0.211538
3 0.266463 0.870198 0.329024 0.203755
3 0.575449 0.921307 0.354004 0.148634
3 0.859375 0.897837 0.276442 0.194712
