3 0.679877 0.290202 0.141392 0.202503
3 0.592561 0.207386 0.145304 0.183468
3 0.663675 0.560782 0.159168 0.172036
3 0.533647 0.519294 0.161348 0.167326
3 0.631596 0.425330 0.135689 0.183076
3 0.529574 0.400696 0.144745 0.171448
3 0.449575 0.418351 0.121714 0.192104
3 0.831128 0.210861 0.147596 0.181162
3 0.873709 0.481445 0.143961 0.154622
3 0.232070 0.632352 0.182370 0.206572
3 0.211347 0.793949 0.154419 0.224627
3 0.324947 0.724539 0.165991 0.215501
3 0.084530 0.858034 0.169059 0.218297
3 0.108380 0.686578 0.156487 0.217513
