3 0.432692 0.781250 0.322115 0.401442
3 0.137019 0.810096 0.269231 0.346154
3 0.139423 0.486779 0.274038 0.290865
3 0.413462 0.471154 0.247596 0.288462
3 0.669471 0.463942 0.242788 0.300481
3 0.893029 0.447115 0.204327 0.262019
3 0.763221 0.776442 0.334135 0.418269
3 0.419471 0.256010 0.213942 0.225962
3 0.182692 0.239183 0.242788 0.194712
3 0.640625 0.237981 0.209135 0.201923
3 0.843750 0.234375 0.211538 0.199519
3 0.772837 0.081731 0.182692 0.151442
3 0.593750 0.093750 0.165865 0.177885
3 0.407452 0.086538 0.182692 0.165865
3 0.216346 0.088942 0.199519 0.163462
