3 0.204327 0.635817 0.211538 0.194712
3 0.223558 0.456731 0.211538 0.168269
3 0.441106 0.786058 0.211538 0.189904
3 0.320913 0.762019 0.192308 0.204327
3 0.224760 0.293269 0.161058 0.158654
3 0.348558 0.237981 0.168269 0.163462
3 0.347356 0.395433 0.194712 0.165865
3 0.487981 0.338942 0.175481 0.168269
3 0.606971 0.212740 0.153846 0.168269
3 0.490385 0.515625 0.185096 0.185096
3 0.638221 0.408654 0.156250 0.177885
3 0.582933 0.649038 0.228365 0.182692
3 0.760817 0.764423 0.185096 0.185096
3 0.796875 0.558894 0.194712 0.141827
3 0.782452 0.366587 0.182692 0.158654
3 0.612981 0.817308 0.211538 0.185096
