3 0.544571 0.326923 0.268574 0.278846
3 0.621580 0.506010 0.263374 0.269231
3 0.651046 0.757212 0.259207 0.225962
3 0.780187 0.829327 0.229284 0.199519
3 0.646792 0.918269 0.215599 0.158654
3 0.797858 0.673077 0.251408 0.211538
3 0.923077 0.397837 0.149038 0.295673
3 0.827815 0.228365 0.304240 0.269231
3 0.527022 0.132212 0.385774 0.264423
3 0.288592 0.239183 0.299432 0.269231
3 0.153542 0.493990 0.262591 0.250000
3 0.505110 0.597356 0.264015 0.225962
3 0.339089 0.711538 0.223692 0.180288
3 0.362554 0.844952 0.257444 0.182692
3 0.200374 0.758413 0.208584 0.163462
3 0.383728 0.420673 0.256314 0.213942
3 0.768000 0.412260 0.279515 0.252404
