3 0.132212 0.771635 0.230769 0.223558
3 0.155048 0.537260 0.211538 0.199519
3 0.181490 0.328125 0.209135 0.192308
3 0.204327 0.139423 0.180288 0.165865
3 0.412260 0.141827 0.194712 0.158654
3 0.405048 0.329327 0.194712 0.182692
3 0.393029 0.538462 0.209135 0.201923
3 0.379808 0.776442 0.213942 0.209135
3 0.610577 0.784856 0.204327 0.199519
3 0.612981 0.546875 0.211538 0.192308
3 0.615385 0.349760 0.175481 0.158654
3 0.616587 0.156250 0.180288 0.141827
3 0.828125 0.146635 0.173077 0.141827
3 0.836538 0.331731 0.204327 0.194712
3 0.841346 0.557692 0.199519 0.211538
3 0.854567 0.792067 0.211538 0.228365
