3 0.441106 0.764423 0.192308 0.266827
3 0.400240 0.533654 0.197115 0.228365
3 0.538462 0.318510 0.204327 0.242788
3 0.372596 0.326923 0.182692 0.223558
3 0.223558 0.449519 0.170673 0.259615
3 0.197115 0.204327 0.165865 0.257212
3 0.370192 0.116587 0.187500 0.185096
3 0.562500 0.096154 0.175481 0.153846
3 0.691106 0.224760 0.156250 0.247596
3 0.683894 0.433894 0.177885 0.223558
3 0.609375 0.633413 0.175481 0.257212
3 0.861779 0.286058 0.177885 0.259615
3 0.884615 0.520433 0.165865 0.225962
3 0.796875 0.691106 0.180288 0.274038
3 0.088942 0.479567 0.153846 0.242788
3 0.354567 0.885817 0.194712 0.211538
3 0.250000 0.650240 0.168269 0.247596
