3 0.756530 0.247583 0.197576 0.221802
3 0.926683 0.284856 0.141827 0.257212
3 0.868602 0.457351 0.177509 0.254826
3 0.366656 0.636842 0.186288 0.288690
3 0.409596 0.292581 0.179189 0.290884
3 0.281260 0.149350 0.191768 0.298701
3 0.252318 0.404273 0.195568 0.281758
3 0.104235 0.480795 0.171865 0.288270
3 0.104225 0.764833 0.150007 0.282833
3 0.219406 0.627888 0.167222 0.240123
3 0.463712 0.756781 0.158391 0.256670
3 0.217045 0.861446 0.171806 0.235456
3 0.369942 0.888289 0.169903 0.194590
3 0.480411 0.495124 0.150231 0.287641
3 0.130970 0.253749 0.183825 0.235805
