3 0.696467 0.262468 0.247940 0.230347
3 0.622711 0.108237 0.274267 0.159912
3 0.469357 0.182070 0.276282 0.217604
3 0.404892 0.706086 0.310272 0.229179
3 0.729113 0.613418 0.312508 0.224512
3 0.866587 0.719952 0.262019 0.242788
3 0.655998 0.786682 0.303396 0.238375
3 0.612981 0.915865 0.312500 0.163462
3 0.340144 0.943510 0.300481 0.108173
3 0.445944 0.851214 0.258951 0.202201
3 0.266598 0.627262 0.273207 0.198233
3 0.219342 0.888394 0.256716 0.206869
3 0.157773 0.739672 0.218002 0.197417
3 0.517811 0.573523 0.301885 0.195106
3 0.828533 0.884293 0.259539 0.219028
