3 0.342147 0.147512 0.114494 0.135902
3 0.213659 0.111735 0.125674 0.107196
3 0.103314 0.162315 0.120796 0.104736
3 0.074232 0.237198 0.108217 0.085365
3 0.127838 0.302702 0.100656 0.073262
3 0.187995 0.221446 0.101216 0.092493
3 0.297125 0.211760 0.101146 0.090089
3 0.402790 0.206923 0.108357 0.090173
3 0.381947 0.275699 0.091041 0.073150
3 0.247156 0.271255 0.098182 0.070830
3 0.690657 0.183134 0.164905 0.134086
3 0.687865 0.293781 0.175080 0.153428
3 0.929087 0.116587 0.137019 0.170673
3 0.835241 0.069635 0.181662 0.131878
3 0.836194 0.185047 0.143340 0.136238
3 0.923077 0.247596 0.149038 0.129808
