3 0.848558 0.382211 0.134615 0.117632
3 0.885817 0.256760 0.105769 0.128139
3 0.836538 0.142399 0.103365 0.123206
3 0.762019 0.107243 0.084135 0.110179
3 0.695913 0.155462 0.072115 0.102337
3 0.776442 0.222182 0.091346 0.103345
3 0.784856 0.331998 0.088942 0.103219
3 0.788462 0.437956 0.088942 0.110430
3 0.719952 0.411529 0.072115 0.092722
3 0.725962 0.277229 0.069712 0.099807
3 0.808894 0.727489 0.132212 0.167987
3 0.698317 0.715684 0.151442 0.178610
3 0.873798 0.949519 0.170673 0.096154
3 0.920673 0.881183 0.129808 0.184688
3 0.805288 0.872732 0.134615 0.146478
3 0.742788 0.937500 0.129808 0.120192
