3 0.431438 0.591262 0.111483 0.157282
3 0.435897 0.774757 0.138239 0.213592
3 0.307692 0.760194 0.149387 0.223301
3 0.314381 0.601942 0.127090 0.190291
3 0.195652 0.602913 0.128205 0.192233
3 0.177815 0.821359 0.139353 0.217476
3 0.278707 0.926214 0.147157 0.112621
3 0.415831 0.924272 0.142698 0.143689
3 0.219064 0.341748 0.121516 0.163107
3 0.323300 0.327184 0.118172 0.153398
3 0.447603 0.352427 0.130435 0.192233
3 0.444816 0.225243 0.109253 0.194175
3 0.324415 0.205825 0.122631 0.194175
3 0.199554 0.196117 0.147157 0.178641
3 0.208473 0.083495 0.118172 0.147573
3 0.595875 0.365049 0.114827 0.186408
3 0.722965 0.377670 0.128205 0.168932
3 0.844482 0.377670 0.141583 0.172816
3 0.634894 0.245631 0.119287 0.180583
3 0.743590 0.224272 0.102564 0.168932
3 0.854515 0.230097 0.130435 0.168932
3 0.679487 0.612621 0.130435 0.176699
3 0.799331 0.618447 0.122631 0.192233
3 0.918618 0.606796 0.140468 0.172816
3 0.712932 0.769903 0.125975 0.176699
3 0.835563 0.781553 0.146042 0.215534
3 0.934783 0.765049 0.119287 0.194175
