3 0.787068 0.654369 0.149387 0.186408
3 0.914158 0.781553 0.149387 0.203883
3 0.793200 0.831068 0.159420 0.201942
3 0.879599 0.553398 0.149387 0.170874
3 0.939799 0.448544 0.102564 0.147573
3 0.664994 0.710680 0.146042 0.170874
3 0.607581 0.302913 0.118172 0.135922
3 0.584169 0.457282 0.124861 0.153398
3 0.508361 0.545631 0.131550 0.163107
3 0.264771 0.888350 0.163880 0.192233
3 0.149944 0.770874 0.157191 0.201942
3 0.192308 0.212621 0.117057 0.126214
3 0.080268 0.609709 0.142698 0.182524
3 0.287625 0.161165 0.095875 0.104854
3 0.371795 0.098058 0.105909 0.114563
3 0.109810 0.169903 0.092531 0.114563
3 0.204571 0.110680 0.092531 0.104854
3 0.292085 0.056311 0.080268 0.100971
3 0.447046 0.456311 0.102564 0.132039
3 0.350613 0.413592 0.123746 0.139806
3 0.818283 0.117476 0.098105 0.114563
3 0.727982 0.068932 0.098105 0.106796
3 0.879041 0.069903 0.083612 0.104854
