3 0.828874 0.634951 0.284281 0.201942
3 0.486622 0.655340 0.277592 0.196117
3 0.442029 0.429126 0.250836 0.198058
3 0.771460 0.432039 0.254181 0.176699
3 0.738573 0.242718 0.239688 0.159223
3 0.717391 0.086408 0.210702 0.149515
3 0.177258 0.627184 0.260870 0.194175
3 0.206800 0.834951 0.270903 0.201942
3 0.556299 0.836893 0.274247 0.221359
3 0.860647 0.835922 0.272018 0.192233
3 0.167224 0.440777 0.245262 0.174757
3 0.429766 0.269903 0.230769 0.178641
3 0.268116 0.168932 0.228540 0.178641
3 0.163880 0.255340 0.214047 0.172816
