3 0.108696 0.301942 0.125975 0.196117
3 0.233556 0.290291 0.119287 0.180583
3 0.171126 0.189320 0.105909 0.153398
3 0.177258 0.618447 0.205128 0.219417
3 0.187291 0.829126 0.227425 0.306796
3 0.487737 0.110680 0.137124 0.186408
3 0.510033 0.382524 0.141583 0.182524
3 0.449275 0.254369 0.127090 0.198058
3 0.566890 0.198058 0.132664 0.205825
3 0.502230 0.624272 0.112598 0.157282
3 0.478818 0.771845 0.103679 0.157282
3 0.431996 0.867961 0.114827 0.178641
3 0.555741 0.868932 0.112598 0.172816
3 0.566890 0.704854 0.088071 0.139806
3 0.832219 0.172816 0.119287 0.166990
3 0.779264 0.332039 0.131550 0.194175
3 0.902453 0.317476 0.125975 0.192233
3 0.826087 0.604854 0.120401 0.145631
3 0.854515 0.755340 0.125975 0.182524
3 0.735786 0.865049 0.113712 0.180583
3 0.862876 0.899029 0.136009 0.166990
3 0.754181 0.684466 0.094760 0.137864
3 0.945931 0.807767 0.092531 0.155340
