3 0.365663 0.476699 0.185061 0.180583
3 0.560201 0.475728 0.190635 0.170874
3 0.704571 0.598058 0.180602 0.209709
3 0.529543 0.672816 0.220736 0.223301
3 0.300446 0.645631 0.230769 0.211650
3 0.539019 0.890291 0.273133 0.203883
3 0.265329 0.873786 0.276477 0.240777
3 0.421962 0.238835 0.159420 0.124272
3 0.573579 0.234951 0.148272 0.116505
3 0.268673 0.241748 0.151616 0.118447
3 0.702341 0.291262 0.136009 0.155340
3 0.566890 0.149515 0.125975 0.108738
3 0.443144 0.149515 0.119287 0.089320
3 0.299889 0.169903 0.138239 0.106796
