3 0.259755 0.229126 0.202899 0.252427
3 0.457637 0.227184 0.192865 0.229126
3 0.647715 0.201942 0.196210 0.252427
3 0.827202 0.175728 0.171683 0.215534
3 0.208473 0.418447 0.218506 0.250485
3 0.421962 0.420388 0.217391 0.246602
3 0.633779 0.405825 0.206243 0.248544
3 0.840022 0.366019 0.204013 0.227184
3 0.168339 0.657282 0.238573 0.297087
3 0.397436 0.643689 0.228540 0.262136
3 0.620401 0.631068 0.219621 0.271845
3 0.839465 0.588350 0.207358 0.287379
3 0.147715 0.866990 0.259755 0.246602
3 0.392419 0.876699 0.234114 0.231068
3 0.642140 0.866990 0.254181 0.254369
