4 0.204013 0.635922 0.211817 0.196117
4 0.224080 0.457282 0.209588 0.168932
4 0.440357 0.786408 0.211817 0.190291
4 0.321070 0.762136 0.191750 0.203883
4 0.224638 0.293204 0.159420 0.159223
4 0.348941 0.238835 0.169454 0.163107
4 0.346711 0.396117 0.196210 0.166990
4 0.487737 0.338835 0.175028 0.168932
4 0.607581 0.212621 0.153846 0.168932
4 0.491081 0.515534 0.186176 0.184466
4 0.638796 0.408738 0.156076 0.176699
4 0.583055 0.648544 0.229654 0.182524
4 0.760870 0.764078 0.186176 0.184466
4 0.797101 0.558252 0.193980 0.141748
4 0.782609 0.366990 0.182832 0.159223
4 0.612598 0.817476 0.212932 0.186408
