4 0.132107 0.771845 0.230769 0.223301
4 0.155518 0.536893 0.210702 0.200000
4 0.181159 0.328155 0.208473 0.190291
4 0.204571 0.139806 0.179487 0.166990
4 0.411929 0.141748 0.192865 0.159223
4 0.404682 0.329126 0.193980 0.184466
4 0.392977 0.537864 0.208473 0.201942
4 0.380156 0.776699 0.214047 0.209709
4 0.610925 0.785437 0.202899 0.200000
4 0.613155 0.547573 0.211817 0.190291
4 0.615385 0.349515 0.176143 0.159223
4 0.616499 0.156311 0.178372 0.141748
4 0.828317 0.146602 0.173913 0.141748
4 0.836120 0.331068 0.202899 0.196117
4 0.841137 0.557282 0.199554 0.213592
4 0.854515 0.792233 0.212932 0.229126
