4 0.223523 0.566990 0.179487 0.198058
4 0.370680 0.743689 0.188406 0.205825
4 0.498328 0.608738 0.167224 0.172816
4 0.586399 0.786408 0.178372 0.198058
4 0.773690 0.698058 0.180602 0.196117
4 0.670011 0.508738 0.176143 0.198058
4 0.840580 0.499029 0.158305 0.159223
4 0.782609 0.305825 0.162765 0.153398
4 0.619287 0.340777 0.148272 0.133981
4 0.643813 0.187379 0.146042 0.122330
4 0.467113 0.157282 0.138239 0.116505
4 0.450390 0.311650 0.147157 0.137864
4 0.365106 0.460194 0.161650 0.166990
4 0.210702 0.375728 0.160535 0.157282
4 0.304905 0.220388 0.150502 0.149515
