4 0.433110 0.781553 0.322185 0.401942
4 0.137124 0.809709 0.269788 0.345631
4 0.139353 0.486408 0.274247 0.293204
4 0.413043 0.470874 0.248606 0.289320
4 0.670011 0.464078 0.243032 0.299029
4 0.893534 0.446602 0.204013 0.264078
4 0.763099 0.776699 0.333333 0.419417
4 0.419732 0.256311 0.215162 0.225243
4 0.182274 0.239806 0.244147 0.192233
4 0.640468 0.237864 0.208473 0.203883
4 0.844482 0.234951 0.210702 0.201942
4 0.773133 0.081553 0.181717 0.151456
4 0.594203 0.093204 0.167224 0.178641
4 0.407469 0.086408 0.183946 0.165049
4 0.216834 0.089320 0.199554 0.163107
